%Atmospheric Pressure [Pa],Atmospheric Temperature [K],Airspeed Differential Pressure [Pa],Aux Differential Pressure [Pa],ELD Probe X axis [mm],ELD Probe Y axis [mm],Voltage [V]
74213.020,297.773,1.237,1.315,-258.902,93.104,0.500
74217.051,297.776,1.237,0.994,-258.902,93.114,0.500
74217.051,297.779,1.237,1.155,-258.918,93.125,0.500
74217.051,297.776,1.237,1.315,-258.902,93.136,0.500
74213.020,297.774,1.237,1.315,-258.886,93.157,0.500
74213.020,297.779,1.237,1.315,-258.886,93.147,0.500
74208.988,297.779,1.395,1.315,-258.886,93.125,0.500
74208.988,297.776,1.158,1.475,-258.902,93.136,0.500
74204.957,297.777,1.158,1.475,-258.853,93.125,0.500
74204.957,297.777,1.079,1.475,-258.902,93.136,0.500
74213.020,297.777,1.158,1.475,-258.902,93.136,0.500
74208.988,297.779,1.316,1.315,-258.902,93.147,0.500
74200.926,297.779,1.237,1.635,-258.886,93.125,0.500
74204.957,297.774,1.079,1.635,-258.886,93.136,0.500
74213.020,297.777,1.158,1.635,-258.886,93.136,0.500
74204.957,297.779,1.237,1.635,-258.902,93.136,0.500
74204.957,297.779,1.079,1.475,-258.902,93.125,0.500
74204.957,297.777,1.079,1.475,-258.902,93.114,0.500
74196.894,297.779,1.000,1.795,-258.869,93.157,0.500
74200.926,297.782,1.000,1.795,-258.902,93.136,0.500
74200.926,297.781,1.079,1.635,-258.918,93.147,0.500
74204.957,297.779,0.921,1.475,-258.918,93.136,0.500
74204.957,297.777,1.000,1.475,-258.869,93.136,0.500
74200.926,297.781,1.079,1.315,-258.886,93.114,0.500
74213.020,297.781,1.000,1.315,-258.886,93.125,0.500
74200.926,297.781,1.000,1.635,-258.902,93.136,0.500
74196.894,297.781,1.000,1.475,-258.902,93.125,0.500
74204.957,297.782,0.921,1.475,-258.902,93.147,0.500
74208.988,297.782,1.000,1.795,-258.918,93.125,0.500
74200.926,297.781,1.079,1.315,-258.902,93.114,0.500
74200.926,297.782,1.079,1.475,-258.886,93.114,0.500
74204.957,297.779,1.158,1.315,-258.886,93.104,0.500
74204.957,297.781,1.000,1.315,-258.886,93.136,0.500
74204.957,297.781,0.921,1.315,-258.902,93.125,0.500
74204.957,297.781,1.000,1.155,-258.902,93.136,0.500
74204.957,297.782,1.079,1.155,-258.869,93.136,0.500
74213.020,297.782,1.079,1.315,-258.886,93.136,0.500
74204.957,297.781,1.158,1.155,-258.886,93.125,0.500
74204.957,297.781,1.079,1.315,-258.886,93.114,0.500
74213.020,297.777,1.158,1.155,-258.902,93.125,0.500
74208.988,297.779,1.237,1.155,-258.902,93.147,0.500
74208.988,297.777,1.000,0.994,-258.902,93.136,0.500
74208.988,297.779,1.079,1.155,-258.902,93.136,0.500
74217.051,297.777,1.237,1.155,-258.886,93.136,0.500
74213.020,297.782,1.316,0.994,-258.902,93.125,0.500
74213.020,297.779,1.158,0.994,-258.886,93.114,0.500
74208.988,297.779,1.079,1.315,-258.902,93.136,0.500
74213.020,297.781,1.237,1.155,-258.935,93.136,0.500
74204.957,297.782,1.237,1.315,-258.902,93.136,0.500
74213.020,297.779,1.237,0.994,-258.918,93.125,0.500
74217.051,297.777,1.237,1.155,-258.902,93.125,0.500
74213.020,297.781,1.237,1.155,-258.902,93.136,0.500
74200.926,297.781,1.237,0.834,-258.902,93.136,0.500
74208.988,297.781,1.316,1.315,-258.918,93.136,0.500
74213.020,297.779,1.000,1.635,-258.902,93.125,0.500
74213.020,297.779,1.079,1.315,-258.902,93.136,0.500
74204.957,297.781,1.237,1.155,-258.886,93.136,0.500
74196.894,297.781,1.158,1.315,-258.902,93.136,0.500
74204.957,297.781,1.237,1.475,-258.918,93.136,0.500
74204.957,297.781,1.079,1.635,-258.902,93.125,0.500
74204.957,297.779,1.158,1.315,-258.918,93.125,0.500
74204.957,297.782,1.158,1.315,-258.918,93.125,0.500
74204.957,297.784,1.000,1.475,-258.886,93.125,0.500
74200.926,297.781,1.079,1.315,-258.902,93.157,0.500
74204.957,297.781,1.079,1.635,-258.886,93.136,0.500
74204.957,297.779,1.158,1.795,-258.853,93.136,0.500
74200.926,297.779,1.000,1.635,-258.886,93.136,0.500
74204.957,297.781,1.158,1.475,-258.918,93.136,0.500
74200.926,297.782,1.079,1.795,-258.886,93.125,0.500
74200.926,297.782,1.079,1.795,-258.902,93.125,0.500
74200.926,297.781,1.079,1.795,-258.902,93.125,0.500
74204.957,297.784,1.079,1.635,-258.886,93.136,0.500
74200.926,297.779,1.158,1.635,-258.886,93.125,0.500
74196.894,297.779,1.000,1.635,-258.902,93.114,0.500
74196.894,297.777,1.158,1.635,-258.918,93.136,0.500
74200.926,297.779,1.158,1.315,-258.869,93.125,0.500
74204.957,297.779,1.158,1.475,-258.869,93.114,0.500
74204.957,297.779,1.000,1.635,-258.902,93.114,0.500
74204.957,297.784,1.000,1.795,-258.902,93.136,0.500
74208.988,297.782,1.000,1.475,-258.886,93.136,0.500
74200.926,297.782,1.000,1.315,-258.902,93.136,0.500
74208.988,297.781,1.000,1.475,-258.869,93.125,0.500
74204.957,297.779,1.000,1.315,-258.902,93.125,0.500
74208.988,297.781,1.000,1.475,-258.918,93.136,0.500
74204.957,297.779,1.000,1.315,-258.886,93.136,0.500
74200.926,297.782,1.158,1.475,-258.902,93.136,0.500
74204.957,297.781,1.000,1.155,-258.918,93.125,0.500
74208.988,297.784,1.000,1.315,-258.886,93.125,0.500
74208.988,297.781,1.237,1.155,-258.869,93.136,0.500
74200.926,297.781,1.079,0.834,-258.902,93.136,0.500
74208.988,297.781,1.237,0.994,-258.886,93.136,0.500
74208.988,297.781,1.158,1.315,-258.902,93.136,0.500
74208.988,297.784,1.079,1.315,-258.886,93.114,0.500
74204.957,297.779,1.079,0.994,-258.869,93.136,0.500
74208.988,297.779,1.079,0.674,-258.902,93.114,0.500
74208.988,297.782,1.237,1.155,-258.902,93.114,0.500
74208.988,297.781,1.237,1.155,-258.902,93.125,0.500
74213.020,297.782,1.158,0.994,-258.902,93.136,0.500
74213.020,297.781,1.237,1.315,-258.902,93.125,0.500
74208.988,297.781,1.237,1.155,-258.918,93.147,0.500
74208.988,297.779,1.237,0.834,-258.886,93.125,0.500
74213.020,297.779,1.158,1.155,-258.902,93.136,0.500
74204.957,297.779,1.237,0.994,-258.886,93.125,0.500
74217.051,297.777,1.158,1.155,-258.902,93.125,0.500
74213.020,297.777,1.237,1.315,-258.902,93.136,0.500
74217.051,297.777,1.158,1.475,-258.869,93.114,0.500
74213.020,297.777,1.237,1.475,-258.886,93.125,0.500
74204.957,297.779,1.237,1.475,-258.902,93.136,0.500
74213.020,297.779,1.000,1.475,-258.886,93.125,0.500
74208.988,297.779,1.237,1.475,-258.886,93.125,0.500
74213.020,297.779,1.079,1.475,-258.886,93.125,0.500
74217.051,297.781,1.158,1.635,-258.886,93.114,0.500
74204.957,297.777,1.158,1.155,-258.869,93.136,0.500
74208.988,297.777,1.158,1.475,-258.902,93.136,0.500
74208.988,297.777,1.079,1.635,-258.918,93.114,0.500
74208.988,297.777,1.158,1.635,-258.918,93.136,0.500
74208.988,297.777,1.079,1.315,-258.886,93.114,0.500
74208.988,297.779,1.000,1.635,-258.918,93.136,0.500
74208.988,297.779,1.158,1.635,-258.902,93.114,0.500
74204.957,297.777,1.079,1.475,-258.886,93.125,0.500
74204.957,297.779,1.079,1.475,-258.886,93.114,0.500
74204.957,297.777,1.000,1.635,-258.918,93.136,0.500
74200.926,297.773,1.079,1.635,-258.918,93.125,0.500
74208.988,297.776,1.000,1.635,-258.902,93.125,0.500
74204.957,297.777,1.000,1.315,-258.902,93.147,0.500
74208.988,297.779,1.158,1.475,-258.886,93.136,0.500
74204.957,297.774,0.921,1.475,-258.886,93.125,0.500
74208.988,297.776,1.000,1.795,-258.886,93.136,0.500
74213.020,297.774,1.000,1.635,-258.902,93.136,0.500
74208.988,297.781,1.079,1.635,-258.886,93.136,0.500
74200.926,297.777,1.079,1.795,-258.902,93.136,0.500
74208.988,297.776,1.079,1.475,-258.918,93.125,0.500
74204.957,297.779,1.079,1.635,-258.918,93.114,0.500
74204.957,297.779,1.000,1.475,-258.869,93.125,0.500
74204.957,297.777,0.921,1.315,-258.869,93.125,0.500
74213.020,297.777,1.000,1.315,-258.902,93.136,0.500
74208.988,297.777,1.079,1.475,-258.886,93.114,0.500
74208.988,297.777,1.079,1.475,-258.886,93.125,0.500
74213.020,297.777,1.079,1.475,-258.886,93.136,0.500
74213.020,297.777,1.079,1.475,-258.886,93.125,0.500
74208.988,297.781,1.079,1.635,-258.918,93.136,0.500
74208.988,297.781,1.158,1.475,-258.902,93.125,0.500
74213.020,297.782,1.000,1.475,-258.902,93.125,0.500
74213.020,297.779,1.079,1.635,-258.886,93.125,0.500
74217.051,297.781,1.158,1.475,-258.902,93.125,0.500
74213.020,297.781,1.158,1.315,-258.869,93.125,0.500
74204.957,297.781,1.079,1.475,-258.886,93.125,0.500
74213.020,297.781,1.158,1.155,-258.902,93.136,0.500
74208.988,297.779,1.000,1.475,-258.886,93.125,0.500
74204.957,297.779,1.000,1.475,-258.886,93.125,0.500
74200.926,297.779,0.921,1.635,-258.902,93.125,0.500
74200.926,297.779,1.000,1.315,-258.886,93.136,0.500
74200.926,297.779,1.079,1.635,-258.886,93.114,0.500
74200.926,297.779,1.000,1.635,-258.902,93.114,0.500
74200.926,297.781,1.000,1.635,-258.886,93.114,0.500
74200.926,297.782,0.921,1.475,-258.886,93.136,0.500
74204.957,297.779,1.000,1.315,-258.902,93.114,0.500
74208.988,297.779,1.000,1.635,-258.902,93.136,0.500
74196.894,297.777,0.921,1.635,-258.902,93.125,0.500
74204.957,297.781,0.921,1.475,-258.886,93.136,0.500
74200.926,297.779,1.000,1.635,-258.902,93.147,0.500
74208.988,297.779,0.921,1.795,-258.886,93.147,0.500
74200.926,297.781,1.000,1.795,-258.902,93.136,0.500
74204.957,297.781,1.000,1.635,-258.902,93.147,0.500
74196.894,297.779,0.921,1.795,-258.902,93.136,0.500
74200.926,297.781,0.921,1.795,-258.902,93.136,0.500
74200.926,297.777,1.000,1.955,-258.902,93.125,0.500
74208.988,297.777,0.921,1.795,-258.902,93.125,0.500
74200.926,297.779,1.000,1.635,-258.869,93.125,0.500
74204.957,297.779,1.000,1.635,-258.918,93.125,0.500
74213.020,297.777,1.000,1.795,-258.886,93.114,0.500
74204.957,297.774,1.000,1.635,-258.886,93.136,0.500
74208.988,297.779,1.000,1.635,-258.886,93.114,0.500
74208.988,297.777,0.921,1.795,-258.886,93.136,0.500
74208.988,297.779,1.158,1.795,-258.869,93.104,0.500
74213.020,297.776,1.000,1.475,-258.869,93.136,0.500
74213.020,297.777,1.237,1.635,-258.886,93.136,0.500
74213.020,297.777,0.921,1.795,-258.869,93.136,0.500
74213.020,297.777,1.079,1.635,-258.902,93.125,0.500
74208.988,297.776,1.316,1.635,-258.869,93.125,0.500
74221.082,297.777,1.237,1.795,-258.886,93.136,0.500
74217.051,297.779,1.079,1.635,-258.918,93.136,0.500
74213.020,297.777,1.158,1.635,-258.902,93.114,0.500
74213.020,297.777,1.079,1.955,-258.902,93.136,0.500
74217.051,297.777,1.316,1.315,-258.886,93.136,0.500
74204.957,297.779,1.316,1.635,-258.918,93.136,0.500
74213.020,297.779,1.237,1.475,-258.902,93.125,0.500
74213.020,297.779,1.237,1.315,-258.918,93.157,0.500
74208.988,297.776,1.316,1.795,-258.918,93.136,0.500
74208.988,297.777,1.316,1.475,-258.886,93.125,0.500
74217.051,297.779,1.237,1.315,-258.902,93.114,0.500
74208.988,297.777,1.316,1.635,-258.886,93.125,0.500
74208.988,297.781,1.395,1.635,-258.902,93.125,0.500
74213.020,297.779,1.158,1.795,-258.902,93.125,0.500
74208.988,297.781,1.316,1.635,-258.886,93.125,0.500
74208.988,297.782,1.316,1.635,-258.918,93.147,0.500
74213.020,297.779,1.158,1.315,-258.902,93.114,0.500
74204.957,297.781,1.237,1.475,-258.918,93.136,0.500
74200.926,297.781,1.237,1.155,-258.902,93.147,0.500
74200.926,297.781,1.237,1.475,-258.902,93.125,0.500
74204.957,297.779,1.316,1.315,-258.918,93.147,0.500
74200.926,297.781,1.158,1.475,-258.886,93.125,0.500
74204.957,297.784,1.237,1.475,-258.886,93.125,0.500
74204.957,297.781,1.158,1.155,-258.886,93.125,0.500
74208.988,297.782,1.316,1.315,-258.869,93.147,0.500
74204.957,297.782,1.237,1.315,-258.886,93.125,0.500
74204.957,297.782,1.079,1.315,-258.902,93.136,0.500
74208.988,297.784,1.000,1.475,-258.886,93.125,0.500
74204.957,297.782,1.079,1.475,-258.902,93.114,0.500
74213.020,297.782,1.237,1.155,-258.886,93.136,0.500
74204.957,297.785,1.079,1.475,-258.902,93.147,0.500
74204.957,297.782,1.079,1.475,-258.869,93.136,0.500
74208.988,297.782,0.921,1.315,-258.902,93.125,0.500
74208.988,297.782,1.158,1.475,-258.886,93.136,0.500
74204.957,297.782,1.237,1.635,-258.886,93.125,0.500
74204.957,297.782,1.079,1.635,-258.902,93.136,0.500
74204.957,297.781,1.000,1.475,-258.886,93.125,0.500
74204.957,297.782,1.079,1.475,-258.902,93.114,0.500
74213.020,297.784,1.079,1.795,-258.869,93.125,0.500
74204.957,297.782,1.000,1.795,-258.902,93.125,0.500
74204.957,297.782,1.000,1.475,-258.902,93.125,0.500
74204.957,297.784,1.000,1.635,-258.869,93.136,0.500
74208.988,297.784,1.079,1.635,-258.902,93.136,0.500
74208.988,297.781,1.000,1.955,-258.886,93.125,0.500
74213.020,297.784,1.079,1.955,-258.902,93.125,0.500
74208.988,297.784,1.158,1.795,-258.902,93.136,0.500
74213.020,297.782,1.158,2.275,-258.886,93.125,0.500
74204.957,297.784,1.079,2.275,-258.902,93.125,0.500
74213.020,297.784,1.000,2.115,-258.902,93.136,0.500
74204.957,297.779,1.000,1.955,-258.886,93.104,0.500
74204.957,297.779,1.079,1.635,-258.902,93.125,0.500
74208.988,297.782,1.079,1.955,-258.886,93.125,0.500
74204.957,297.781,1.000,2.115,-258.918,93.136,0.500
74208.988,297.782,0.921,1.795,-258.902,93.136,0.500
74213.020,297.781,1.000,1.955,-258.918,93.136,0.500
74208.988,297.784,1.079,1.955,-258.918,93.136,0.500
74208.988,297.782,1.079,1.955,-258.886,93.125,0.500
74213.020,297.779,1.158,1.795,-258.902,93.125,0.500
74204.957,297.782,1.000,1.955,-258.902,93.136,0.500
74200.926,297.782,1.000,1.635,-258.886,93.136,0.500
74204.957,297.782,0.921,1.635,-258.902,93.114,0.500
74204.957,297.777,1.000,1.635,-258.902,93.125,0.500
74208.988,297.779,1.000,1.795,-258.918,93.136,0.500
74200.926,297.781,1.079,1.635,-258.886,93.125,0.500
74204.957,297.779,1.000,1.635,-258.886,93.136,0.500
74200.926,297.781,1.079,1.635,-258.902,93.114,0.500
74213.020,297.782,1.079,1.635,-258.902,93.125,0.500
74213.020,297.782,1.158,1.475,-258.902,93.136,0.500
74204.957,297.782,1.237,1.635,-258.918,93.125,0.500
74204.957,297.781,1.158,1.315,-258.886,93.136,0.500
74208.988,297.781,1.237,1.635,-258.902,93.136,0.500
74204.957,297.781,1.000,1.315,-258.918,93.136,0.500
74204.957,297.781,1.000,1.475,-258.902,93.114,0.500
74208.988,297.779,1.079,1.155,-258.886,93.147,0.500
74204.957,297.781,1.316,1.315,-258.902,93.104,0.500
74200.926,297.781,1.237,1.315,-258.902,93.136,0.500
74208.988,297.781,1.158,1.635,-258.902,93.136,0.500
74208.988,297.781,1.079,1.475,-258.886,93.125,0.500
74204.957,297.777,1.158,1.635,-258.902,93.125,0.500
74204.957,297.779,1.158,1.635,-258.918,93.125,0.500
74200.926,297.779,1.316,1.635,-258.886,93.125,0.500
74204.957,297.782,1.158,1.635,-258.902,93.125,0.500
74208.988,297.782,1.316,1.475,-258.902,93.136,0.500
74204.957,297.779,1.158,1.475,-258.902,93.136,0.500
74208.988,297.779,1.316,1.475,-258.902,93.136,0.500
74200.926,297.779,1.395,1.315,-258.902,93.136,0.500
74200.926,297.781,1.316,1.635,-258.886,93.114,0.500
74208.988,297.779,1.316,1.635,-258.869,93.125,0.500
74208.988,297.776,1.237,1.955,-258.886,93.136,0.500
74208.988,297.779,1.237,1.635,-258.902,93.114,0.500
74204.957,297.777,1.237,1.955,-258.918,93.125,0.500
74208.988,297.777,1.316,1.795,-258.902,93.125,0.500
74208.988,297.779,1.316,1.795,-258.918,93.136,0.500
74200.926,297.777,1.316,1.795,-258.886,93.147,0.500
74208.988,297.779,1.316,1.635,-258.902,93.136,0.500
74204.957,297.777,1.316,1.795,-258.902,93.114,0.500
74204.957,297.777,1.395,1.635,-258.886,93.114,0.500
74208.988,297.781,1.316,1.635,-258.886,93.114,0.500
74208.988,297.779,1.237,2.115,-258.886,93.136,0.500
74208.988,297.781,1.237,1.795,-258.869,93.104,0.500
74200.926,297.781,1.237,1.795,-258.886,93.114,0.500
74204.957,297.779,1.237,1.635,-258.918,93.136,0.500
74213.020,297.781,1.237,1.635,-258.886,93.114,0.500
74213.020,297.782,1.395,1.795,-258.886,93.125,0.500
74208.988,297.779,1.158,1.795,-258.902,93.125,0.500
74217.051,297.779,1.237,1.635,-258.902,93.125,0.500
74204.957,297.779,1.237,1.795,-258.902,93.125,0.500
74217.051,297.782,1.316,1.635,-258.886,93.147,0.500
74213.020,297.782,1.158,1.155,-258.886,93.125,0.500
74213.020,297.781,1.158,1.475,-258.886,93.114,0.500
74217.051,297.782,1.237,1.475,-258.902,93.125,0.500
74217.051,297.781,1.237,1.475,-258.902,93.136,0.500
74208.988,297.781,1.158,1.635,-258.902,93.136,0.500
74213.020,297.784,1.237,1.635,-258.918,93.125,0.500
74208.988,297.782,1.237,1.315,-258.935,93.147,0.500
74217.051,297.779,1.079,1.635,-258.902,93.125,0.500
74213.020,297.781,1.079,1.315,-258.902,93.136,0.500
74221.082,297.784,1.079,1.315,-258.902,93.125,0.500
74217.051,297.781,1.316,1.315,-258.918,93.136,0.500
74221.082,297.781,1.158,1.315,-258.869,93.136,0.500
74217.051,297.782,1.158,1.475,-258.869,93.125,0.500
74213.020,297.782,1.316,1.315,-258.886,93.125,0.500
74208.988,297.782,1.237,1.475,-258.935,93.125,0.500
74213.020,297.782,1.000,0.994,-258.902,93.125,0.500
74213.020,297.781,1.000,1.315,-258.902,93.125,0.500
74204.957,297.782,1.000,1.155,-258.902,93.114,0.500
74213.020,297.781,1.000,1.315,-258.886,93.125,0.500
74213.020,297.782,1.158,0.994,-258.869,93.125,0.500
74213.020,297.781,1.158,1.315,-258.918,93.136,0.500
74208.988,297.781,1.158,1.315,-258.918,93.125,0.500
74200.926,297.781,1.079,1.315,-258.902,93.125,0.500
74200.926,297.782,1.079,1.315,-258.886,93.125,0.500
74200.926,297.779,1.079,1.155,-258.886,93.125,0.500
74208.988,297.782,1.079,1.475,-258.902,93.136,0.500
74204.957,297.779,1.158,1.475,-258.902,93.125,0.500
74200.926,297.779,1.158,1.475,-258.886,93.114,0.500
74200.926,297.781,1.079,1.635,-258.902,93.136,0.500
74200.926,297.781,1.079,1.315,-258.902,93.114,0.500
74204.957,297.779,1.000,1.315,-258.902,93.136,0.500
74200.926,297.777,1.079,1.475,-258.902,93.136,0.500
74196.894,297.782,1.158,1.475,-258.902,93.136,0.500
74204.957,297.779,1.000,1.635,-258.918,93.125,0.500
74200.926,297.777,1.079,1.795,-258.918,93.125,0.500
74200.926,297.776,1.000,1.315,-258.886,93.125,0.500
74196.894,297.776,1.158,1.795,-258.902,93.125,0.500
74208.988,297.777,1.000,1.635,-258.902,93.136,0.500
74208.988,297.779,1.079,1.315,-258.902,93.114,0.500
74200.926,297.777,1.079,1.315,-258.869,93.136,0.500
74208.988,297.779,0.921,1.155,-258.902,93.136,0.500
74200.926,297.779,1.079,1.475,-258.869,93.125,0.500
74204.957,297.779,1.000,1.795,-258.886,93.125,0.500
74200.926,297.777,1.000,1.635,-258.918,93.147,0.500
74208.988,297.777,1.158,1.315,-258.886,93.114,0.500
74200.926,297.779,1.158,1.475,-258.886,93.114,0.500
74200.926,297.781,1.079,1.475,-258.902,93.136,0.500
74200.926,297.779,1.079,1.475,-258.918,93.147,0.500
74204.957,297.777,1.316,1.475,-258.918,93.136,0.500
74204.957,297.779,1.158,1.315,-258.902,93.114,0.500
74204.957,297.776,1.316,1.475,-258.869,93.125,0.500
74200.926,297.781,1.237,1.315,-258.886,93.136,0.500
74213.020,297.779,1.158,1.475,-258.935,93.125,0.500
74204.957,297.781,1.316,1.315,-258.918,93.125,0.500
74208.988,297.781,1.158,1.155,-258.886,93.147,0.500
74208.988,297.781,1.158,1.155,-258.869,93.104,0.500
74213.020,297.782,1.158,1.315,-258.886,93.136,0.500
74200.926,297.781,1.237,1.315,-258.886,93.125,0.500
74204.957,297.777,1.237,1.315,-258.886,93.125,0.500
74200.926,297.781,1.079,0.994,-258.918,93.136,0.500
74204.957,297.781,1.158,0.994,-258.886,93.125,0.500
74204.957,297.779,1.237,1.315,-258.886,93.136,0.500
74204.957,297.777,1.079,0.994,-258.918,93.136,0.500
74208.988,297.782,1.158,1.315,-258.902,93.125,0.500
74204.957,297.782,1.079,1.155,-258.886,93.136,0.500
74208.988,297.781,1.395,1.635,-258.886,93.136,0.500
74200.926,297.784,1.316,0.994,-258.902,93.136,0.500
74200.926,297.781,1.316,1.315,-258.918,93.147,0.500
74204.957,297.784,1.158,1.315,-258.902,93.147,0.500
74204.957,297.784,1.237,1.475,-258.902,93.114,0.500
74204.957,297.782,1.158,1.315,-258.886,93.125,0.500
74204.957,297.782,1.237,1.475,-258.886,93.125,0.500
74208.988,297.781,1.237,1.635,-258.902,93.136,0.500
74196.894,297.782,1.237,1.475,-258.902,93.136,0.500
74196.894,297.784,1.316,1.475,-258.935,93.125,0.500
74200.926,297.782,1.079,1.315,-258.918,93.125,0.500
74204.957,297.784,1.158,1.475,-258.886,93.125,0.500
74204.957,297.785,1.316,1.795,-258.902,93.125,0.500
74204.957,297.784,1.316,1.635,-258.918,93.125,0.500
74204.957,297.779,1.158,1.315,-258.918,93.125,0.500
74204.957,297.784,1.158,1.635,-258.886,93.136,0.500
74204.957,297.782,1.158,1.635,-258.869,93.125,0.500
74200.926,297.782,1.158,1.475,-258.886,93.136,0.500
74208.988,297.784,1.158,1.795,-258.918,93.147,0.500
74200.926,297.782,1.158,1.635,-258.886,93.125,0.500
74200.926,297.782,1.158,1.795,-258.902,93.125,0.500
74208.988,297.782,1.000,1.795,-258.902,93.125,0.500
74204.957,297.782,1.316,1.795,-258.951,93.136,0.500
74192.863,297.781,1.316,1.635,-258.886,93.136,0.500
74196.894,297.781,1.237,1.475,-258.869,93.136,0.500
74204.957,297.782,1.158,1.795,-258.902,93.125,0.500
74200.926,297.781,1.158,1.795,-258.886,93.125,0.500
74213.020,297.782,1.000,1.635,-258.902,93.136,0.500
74204.957,297.781,1.079,1.475,-258.918,93.136,0.500
74204.957,297.781,1.079,1.475,-258.869,93.125,0.500
74208.988,297.779,1.237,1.635,-258.886,93.104,0.500
74213.020,297.779,1.079,1.475,-258.935,93.125,0.500
74213.020,297.782,1.158,1.635,-258.902,93.125,0.500
74204.957,297.779,1.158,1.155,-258.886,93.147,0.500
74213.020,297.779,1.079,1.315,-258.886,93.136,0.500
74213.020,297.779,1.079,1.475,-258.886,93.147,0.500
74204.957,297.779,1.158,1.635,-258.918,93.125,0.500
74204.957,297.779,1.079,1.635,-258.886,93.136,0.500
74221.082,297.781,1.158,1.315,-258.869,93.114,0.500
74213.020,297.781,1.158,1.315,-258.886,93.114,0.500
74208.988,297.781,1.079,1.795,-258.886,93.136,0.500
74213.020,297.779,1.158,1.315,-258.902,93.125,0.500
74213.020,297.777,1.158,1.635,-258.902,93.125,0.500
74208.988,297.781,1.079,1.315,-258.918,93.136,0.500
74213.020,297.781,1.000,1.475,-258.853,93.147,0.500
74208.988,297.781,1.079,1.315,-258.902,93.114,0.500
74204.957,297.781,1.237,1.635,-258.902,93.125,0.500
74208.988,297.777,1.079,1.315,-258.886,93.125,0.500
74204.957,297.781,1.079,1.475,-258.918,93.136,0.500
74204.957,297.781,1.079,1.475,-258.902,93.157,0.500
74208.988,297.779,1.237,1.155,-258.918,93.147,0.500
74213.020,297.782,1.079,1.475,-258.902,93.136,0.500
74208.988,297.781,1.237,1.155,-258.902,93.136,0.500
74204.957,297.782,1.316,1.475,-258.902,93.136,0.500
74204.957,297.782,1.237,1.795,-258.853,93.114,0.500
74208.988,297.779,1.237,1.315,-258.918,93.136,0.500
74208.988,297.782,1.079,1.475,-258.886,93.125,0.500
74204.957,297.781,1.316,1.315,-258.918,93.136,0.500
74204.957,297.779,1.237,1.315,-258.918,93.125,0.500
74208.988,297.781,1.316,1.635,-258.886,93.125,0.500
74208.988,297.781,1.237,1.475,-258.918,93.125,0.500
74204.957,297.781,1.158,1.635,-258.902,93.104,0.500
74204.957,297.784,1.316,1.635,-258.886,93.136,0.500
74204.957,297.781,1.237,1.475,-258.886,93.136,0.500
74208.988,297.776,1.079,1.635,-258.886,93.136,0.500
74213.020,297.779,1.395,1.635,-258.902,93.136,0.500
74208.988,297.781,1.316,1.795,-258.886,93.136,0.500
74208.988,297.776,1.237,1.475,-258.869,93.125,0.500
74204.957,297.777,1.316,1.635,-258.918,93.136,0.500
74213.020,297.781,1.316,1.475,-258.869,93.147,0.500
74208.988,297.781,1.316,1.795,-258.918,93.125,0.500
74204.957,297.779,1.237,1.955,-258.902,93.114,0.500
74208.988,297.779,1.316,1.955,-258.902,93.125,0.500
74204.957,297.781,1.395,1.795,-258.886,93.125,0.500
74208.988,297.777,1.316,1.795,-258.886,93.136,0.500
74208.988,297.777,1.316,1.955,-258.935,93.125,0.500
74204.957,297.779,1.316,1.795,-258.918,93.125,0.500
74208.988,297.776,1.316,1.635,-258.886,93.125,0.500
74204.957,297.779,1.395,1.795,-258.902,93.125,0.500
74204.957,297.777,1.316,1.635,-258.918,93.125,0.500
74208.988,297.779,1.158,1.795,-258.869,93.125,0.500
74204.957,297.776,1.158,1.635,-258.869,93.125,0.500
74200.926,297.781,1.316,1.795,-258.886,93.125,0.500
74213.020,297.777,1.237,1.635,-258.886,93.136,0.500
74208.988,297.781,1.316,1.635,-258.902,93.125,0.500
74208.988,297.779,1.237,1.635,-258.902,93.136,0.500
74200.926,297.779,1.237,1.315,-258.902,93.125,0.500
74213.020,297.782,1.316,1.475,-258.918,93.136,0.500
74204.957,297.777,1.237,1.635,-258.886,93.136,0.500
74204.957,297.779,1.237,1.475,-258.869,93.136,0.500
74204.957,297.781,1.079,1.315,-258.902,93.147,0.500
74221.082,297.781,1.158,1.475,-258.902,93.136,0.500
74213.020,297.777,1.079,1.635,-258.886,93.125,0.500
74204.957,297.779,1.237,1.795,-258.886,93.136,0.500
74213.020,297.777,1.000,1.315,-258.902,93.136,0.500
74208.988,297.779,1.237,1.635,-258.886,93.147,0.500
74208.988,297.782,1.079,1.475,-258.902,93.147,0.500
74208.988,297.782,1.237,1.155,-258.902,93.136,0.500
74217.051,297.776,1.158,1.475,-258.853,93.125,0.500
74208.988,297.781,1.079,1.475,-258.902,93.136,0.500
74213.020,297.779,1.079,1.475,-258.886,93.136,0.500
74208.988,297.779,1.237,1.475,-258.886,93.136,0.500
74213.020,297.777,1.158,1.635,-258.886,93.125,0.500
74213.020,297.779,1.158,1.155,-258.918,93.136,0.500
74208.988,297.777,0.921,1.315,-258.918,93.125,0.500
74213.020,297.779,1.158,1.315,-258.902,93.136,0.500
74217.051,297.779,1.000,1.475,-258.918,93.136,0.500
74204.957,297.777,1.079,1.155,-258.869,93.125,0.500
74208.988,297.779,1.079,1.155,-258.869,93.125,0.500
74213.020,297.777,1.158,1.315,-258.902,93.125,0.500
74208.988,297.777,1.079,1.635,-258.935,93.147,0.500
74213.020,297.777,1.158,1.315,-258.918,93.104,0.500
74213.020,297.779,1.158,1.475,-258.918,93.125,0.500
74208.988,297.777,1.000,1.475,-258.902,93.136,0.500
74208.988,297.777,1.079,1.635,-258.886,93.136,0.500
74208.988,297.779,1.079,1.475,-258.902,93.125,0.500
74208.988,297.776,1.237,1.635,-258.886,93.114,0.500
74213.020,297.777,1.158,1.315,-258.935,93.136,0.500
74208.988,297.777,1.158,1.795,-258.918,93.136,0.500
74208.988,297.774,1.079,1.475,-258.886,93.136,0.500
74204.957,297.776,1.237,1.475,-258.886,93.114,0.500
74208.988,297.777,1.158,1.635,-258.902,93.114,0.500
74208.988,297.774,1.237,1.475,-258.902,93.125,0.500
74208.988,297.777,1.237,1.155,-258.902,93.147,0.500
74208.988,297.777,1.079,1.635,-258.886,93.125,0.500
74213.020,297.777,1.158,1.475,-258.918,93.136,0.500
74204.957,297.776,1.237,1.475,-258.886,93.114,0.500
74208.988,297.779,1.158,1.475,-258.886,93.136,0.500
74208.988,297.779,1.237,1.475,-258.935,93.125,0.500
74204.957,297.779,1.158,1.475,-258.902,93.125,0.500
74204.957,297.777,1.237,1.635,-258.886,93.114,0.500
74204.957,297.779,1.237,1.315,-258.869,93.114,0.500
74208.988,297.781,1.158,1.475,-258.902,93.125,0.500
74213.020,297.782,1.237,1.475,-258.902,93.125,0.500
74204.957,297.779,1.158,1.475,-258.902,93.125,0.500
74213.020,297.784,1.158,1.315,-258.886,93.136,0.500
74208.988,297.781,1.316,1.315,-258.902,93.114,0.500
74208.988,297.782,1.316,1.315,-258.918,93.136,0.500
74208.988,297.779,1.158,1.475,-258.886,93.136,0.500
74208.988,297.779,1.237,1.315,-258.902,93.114,0.500
74204.957,297.782,1.079,1.475,-258.902,93.114,0.500
74204.957,297.781,1.000,1.315,-258.886,93.136,0.500
74204.957,297.782,1.079,1.475,-258.886,93.125,0.500
74213.020,297.781,1.237,1.315,-258.902,93.114,0.500
74208.988,297.782,1.158,1.315,-258.886,93.125,0.500
74213.020,297.782,1.316,1.155,-258.902,93.125,0.500
74208.988,297.782,1.158,1.635,-258.886,93.136,0.500
74196.894,297.684,73.549,75.118,-258.918,93.147,2.500
74213.020,297.684,73.391,75.118,-258.902,93.125,2.500
74204.957,297.681,73.391,75.118,-258.902,93.114,2.500
74204.957,297.682,73.312,75.118,-258.902,93.125,2.500
74204.957,297.682,73.470,75.118,-258.886,93.125,2.500
74200.926,297.682,73.312,75.118,-258.902,93.147,2.500
74192.863,297.684,73.470,74.957,-258.886,93.136,2.500
74208.988,297.681,73.391,75.118,-258.902,93.136,2.500
74196.894,297.682,73.391,75.118,-258.902,93.125,2.500
74204.957,297.684,73.391,75.118,-258.886,93.136,2.500
74204.957,297.682,73.233,75.278,-258.886,93.136,2.500
74204.957,297.684,73.154,75.118,-258.886,93.136,2.500
74204.957,297.682,73.312,75.118,-258.902,93.147,2.500
74200.926,297.684,73.391,74.957,-258.951,93.136,2.500
74200.926,297.682,73.154,74.957,-258.918,93.125,2.500
74208.988,297.687,73.233,75.118,-258.902,93.136,2.500
74204.957,297.684,73.154,75.278,-258.902,93.114,2.500
74204.957,297.684,73.233,75.118,-258.886,93.125,2.500
74208.988,297.681,73.312,75.118,-258.886,93.114,2.500
74200.926,297.685,73.233,75.118,-258.902,93.125,2.500
74213.020,297.685,73.312,75.278,-258.918,93.125,2.500
74213.020,297.685,73.154,75.278,-258.902,93.147,2.500
74208.988,297.689,73.154,75.118,-258.902,93.136,2.500
74200.926,297.687,73.312,75.118,-258.886,93.114,2.500
74208.988,297.685,73.312,75.278,-258.902,93.136,2.500
74217.051,297.685,73.391,75.438,-258.869,93.136,2.500
74208.988,297.684,73.391,75.438,-258.886,93.114,2.500
74208.988,297.684,73.312,75.118,-258.886,93.136,2.500
74213.020,297.689,73.312,75.118,-258.886,93.114,2.500
74221.082,297.685,73.470,75.598,-258.918,93.125,2.500
74217.051,297.687,73.470,75.278,-258.886,93.125,2.500
74213.020,297.685,73.628,75.438,-258.869,93.125,2.500
74213.020,297.684,73.391,75.758,-258.902,93.136,2.500
74213.020,297.684,73.470,75.598,-258.886,93.125,2.500
74213.020,297.682,73.549,75.918,-258.886,93.136,2.500
74213.020,297.684,73.470,75.598,-258.902,93.125,2.500
74213.020,297.684,73.628,75.918,-258.918,93.147,2.500
74217.051,297.684,73.628,75.598,-258.902,93.136,2.500
74221.082,297.685,73.628,75.758,-258.935,93.136,2.500
74213.020,297.685,73.628,76.078,-258.886,93.114,2.500
74213.020,297.684,73.707,75.918,-258.886,93.125,2.500
74208.988,297.681,73.865,75.758,-258.918,93.147,2.500
74213.020,297.684,73.707,76.078,-258.902,93.147,2.500
74221.082,297.685,73.707,75.758,-258.918,93.136,2.500
74217.051,297.684,73.944,76.078,-258.918,93.136,2.500
74213.020,297.685,73.865,75.918,-258.886,93.125,2.500
74217.051,297.682,73.786,75.758,-258.902,93.136,2.500
74213.020,297.684,73.944,75.918,-258.902,93.136,2.500
74217.051,297.684,73.944,75.918,-258.886,93.125,2.500
74217.051,297.682,73.944,76.078,-258.918,93.136,2.500
74217.051,297.684,73.865,76.238,-258.886,93.104,2.500
74208.988,297.684,74.102,75.918,-258.902,93.147,2.500
74213.020,297.685,73.944,75.918,-258.918,93.125,2.500
74208.988,297.684,73.944,75.918,-258.902,93.125,2.500
74208.988,297.687,74.023,75.918,-258.886,93.104,2.500
74213.020,297.684,73.944,75.918,-258.902,93.136,2.500
74213.020,297.684,73.944,76.238,-258.902,93.125,2.500
74208.988,297.684,73.944,75.758,-258.902,93.136,2.500
74196.894,297.684,74.102,76.078,-258.902,93.125,2.500
74204.957,297.684,73.944,76.078,-258.918,93.125,2.500
74204.957,297.685,73.944,76.078,-258.886,93.136,2.500
74204.957,297.687,73.865,76.078,-258.918,93.125,2.500
74204.957,297.687,73.944,75.918,-258.869,93.125,2.500
74204.957,297.684,74.023,75.918,-258.886,93.136,2.500
74204.957,297.682,74.023,75.918,-258.918,93.125,2.500
74204.957,297.684,74.023,75.918,-258.918,93.147,2.500
74204.957,297.685,73.786,75.918,-258.886,93.136,2.500
74204.957,297.685,73.944,76.078,-258.918,93.125,2.500
74200.926,297.684,73.865,75.918,-258.902,93.125,2.500
74208.988,297.687,73.865,75.598,-258.918,93.125,2.500
74204.957,297.682,73.944,76.078,-258.886,93.104,2.500
74204.957,297.682,73.944,76.078,-258.886,93.136,2.500
74204.957,297.684,73.944,76.078,-258.886,93.136,2.500
74204.957,297.682,73.707,76.078,-258.902,93.125,2.500
74208.988,297.684,73.944,75.918,-258.886,93.136,2.500
74204.957,297.681,73.786,75.918,-258.902,93.125,2.500
74200.926,297.682,73.707,75.758,-258.902,93.114,2.500
74204.957,297.682,73.707,75.918,-258.902,93.125,2.500
74204.957,297.684,73.707,76.078,-258.886,93.136,2.500
74208.988,297.681,73.707,76.078,-258.886,93.147,2.500
74213.020,297.682,73.786,75.918,-258.902,93.147,2.500
74200.926,297.685,73.707,75.918,-258.886,93.125,2.500
74204.957,297.681,73.865,75.598,-258.869,93.136,2.500
74208.988,297.684,73.707,75.758,-258.886,93.136,2.500
74204.957,297.682,73.786,75.758,-258.918,93.125,2.500
74204.957,297.681,73.628,75.918,-258.869,93.125,2.500
74200.926,297.681,73.628,75.598,-258.902,93.125,2.500
74196.894,297.682,73.707,75.918,-258.902,93.125,2.500
74204.957,297.681,73.707,75.598,-258.869,93.114,2.500
74204.957,297.681,73.786,75.438,-258.902,93.136,2.500
74200.926,297.682,73.628,75.438,-258.902,93.125,2.500
74200.926,297.682,73.786,75.758,-258.918,93.136,2.500
74200.926,297.681,73.707,75.598,-258.918,93.136,2.500
74204.957,297.682,73.628,75.438,-258.886,93.125,2.500
74208.988,297.684,73.707,75.758,-258.886,93.125,2.500
74204.957,297.682,73.549,75.758,-258.918,93.147,2.500
74208.988,297.682,73.707,75.438,-258.918,93.136,2.500
74200.926,297.682,73.707,75.438,-258.886,93.136,2.500
74200.926,297.682,73.707,75.278,-258.902,93.136,2.500
74200.926,297.682,73.786,75.438,-258.902,93.125,2.500
74208.988,297.684,73.549,75.278,-258.886,93.125,2.500
74204.957,297.681,73.707,75.438,-258.886,93.136,2.500
74204.957,297.684,73.549,75.438,-258.918,93.114,2.500
74208.988,297.684,73.628,75.278,-258.902,93.114,2.500
74208.988,297.682,73.628,75.278,-258.902,93.125,2.500
74200.926,297.684,73.707,75.278,-258.902,93.114,2.500
74208.988,297.682,73.549,75.598,-258.918,93.136,2.500
74213.020,297.684,73.391,75.278,-258.902,93.104,2.500
74208.988,297.684,73.391,75.118,-258.902,93.114,2.500
74213.020,297.682,73.549,75.118,-258.918,93.136,2.500
74217.051,297.687,73.470,74.957,-258.869,93.114,2.500
74213.020,297.682,73.391,75.278,-258.886,93.136,2.500
74208.988,297.684,73.549,75.278,-258.886,93.136,2.500
74208.988,297.684,73.628,75.118,-258.902,93.114,2.500
74208.988,297.682,73.549,75.118,-258.869,93.125,2.500
74208.988,297.684,73.470,74.797,-258.886,93.125,2.500
74204.957,297.682,73.391,75.438,-258.918,93.125,2.500
74213.020,297.684,73.312,75.118,-258.918,93.147,2.500
74217.051,297.679,73.391,75.118,-258.902,93.136,2.500
74217.051,297.682,73.312,75.118,-258.935,93.136,2.500
74213.020,297.681,73.391,75.118,-258.902,93.114,2.500
74213.020,297.681,73.391,75.118,-258.918,93.136,2.500
74204.957,297.682,73.233,74.957,-258.918,93.136,2.500
74208.988,297.682,73.312,75.118,-258.886,93.136,2.500
74208.988,297.681,73.233,74.957,-258.902,93.136,2.500
74204.957,297.682,73.154,74.957,-258.902,93.125,2.500
74213.020,297.681,73.233,75.278,-258.886,93.125,2.500
74204.957,297.682,73.233,74.797,-258.886,93.114,2.500
74204.957,297.679,73.233,74.797,-258.918,93.136,2.500
74213.020,297.682,73.154,74.797,-258.918,93.125,2.500
74204.957,297.679,73.154,74.637,-258.902,93.125,2.500
74204.957,297.679,72.996,74.637,-258.886,93.114,2.500
74204.957,297.679,72.996,74.957,-258.886,93.125,2.500
74204.957,297.681,73.154,74.797,-258.902,93.114,2.500
74213.020,297.679,72.996,74.637,-258.918,93.125,2.500
74204.957,297.681,72.916,74.637,-258.902,93.125,2.500
74213.020,297.681,72.916,74.477,-258.869,93.136,2.500
74208.988,297.681,73.075,74.317,-258.886,93.114,2.500
74204.957,297.677,73.154,74.317,-258.869,93.147,2.500
74204.957,297.681,72.916,74.317,-258.902,93.125,2.500
74204.957,297.684,72.996,74.637,-258.902,93.147,2.500
74196.894,297.682,72.837,74.477,-258.902,93.136,2.500
74204.957,297.684,73.075,74.477,-258.935,93.125,2.500
74208.988,297.679,72.837,74.477,-258.886,93.136,2.500
74204.957,297.684,72.916,74.477,-258.902,93.125,2.500
74200.926,297.682,73.075,74.317,-258.935,93.147,2.500
74204.957,297.682,73.075,74.317,-258.886,93.136,2.500
74204.957,297.681,72.996,74.317,-258.902,93.136,2.500
74204.957,297.685,73.075,74.317,-258.869,93.136,2.500
74204.957,297.687,72.916,74.477,-258.902,93.114,2.500
74200.926,297.684,72.916,74.477,-258.886,93.147,2.500
74200.926,297.685,72.916,74.317,-258.902,93.136,2.500
74200.926,297.682,72.996,74.477,-258.935,93.136,2.500
74192.863,297.685,72.916,74.637,-258.902,93.125,2.500
74204.957,297.689,73.154,74.477,-258.918,93.125,2.500
74204.957,297.687,73.154,74.637,-258.918,93.125,2.500
74204.957,297.687,73.075,74.637,-258.902,93.136,2.500
74204.957,297.685,73.154,74.317,-258.886,93.125,2.500
74204.957,297.689,73.075,74.317,-258.886,93.136,2.500
74204.957,297.685,72.996,74.317,-258.902,93.136,2.500
74208.988,297.684,73.075,74.637,-258.886,93.125,2.500
74204.957,297.689,73.075,74.317,-258.902,93.104,2.500
74208.988,297.687,73.233,74.317,-258.902,93.136,2.500
74204.957,297.687,73.233,74.477,-258.902,93.125,2.500
74204.957,297.685,73.154,74.637,-258.902,93.114,2.500
74204.957,297.687,73.233,74.637,-258.902,93.125,2.500
74204.957,297.687,73.233,74.637,-258.886,93.125,2.500
74204.957,297.689,73.312,74.957,-258.902,93.136,2.500
74208.988,297.687,73.391,74.477,-258.918,93.114,2.500
74200.926,297.687,73.233,74.797,-258.902,93.136,2.500
74204.957,297.684,73.312,74.797,-258.918,93.136,2.500
74204.957,297.682,73.233,74.957,-258.869,93.136,2.500
74204.957,297.684,73.391,74.797,-258.869,93.147,2.500
74204.957,297.682,73.312,75.118,-258.902,93.136,2.500
74208.988,297.684,73.470,74.957,-258.918,93.125,2.500
74204.957,297.684,73.391,74.797,-258.918,93.136,2.500
74200.926,297.682,73.470,74.957,-258.902,93.136,2.500
74204.957,297.681,73.312,74.957,-258.918,93.125,2.500
74204.957,297.684,73.391,74.797,-258.902,93.147,2.500
74200.926,297.682,73.391,74.957,-258.902,93.125,2.500
74200.926,297.681,73.391,74.957,-258.869,93.125,2.500
74200.926,297.682,73.391,75.118,-258.902,93.136,2.500
74200.926,297.679,73.312,75.118,-258.918,93.136,2.500
74196.894,297.682,73.312,74.957,-258.918,93.125,2.500
74200.926,297.679,73.391,75.118,-258.918,93.147,2.500
74204.957,297.681,73.312,75.118,-258.886,93.114,2.500
74200.926,297.681,73.312,75.278,-258.902,93.125,2.500
74204.957,297.679,73.233,75.118,-258.918,93.147,2.500
74200.926,297.681,73.233,75.438,-258.869,93.125,2.500
74204.957,297.681,73.549,75.118,-258.902,93.147,2.500
74200.926,297.681,73.391,75.118,-258.886,93.114,2.500
74204.957,297.684,73.391,75.278,-258.886,93.147,2.500
74208.988,297.682,73.391,75.118,-258.902,93.136,2.500
74204.957,297.682,73.312,75.118,-258.902,93.125,2.500
74204.957,297.682,73.391,75.438,-258.902,93.136,2.500
74213.020,297.684,73.312,75.118,-258.902,93.125,2.500
74204.957,297.684,73.312,75.278,-258.886,93.125,2.500
74208.988,297.685,73.470,75.438,-258.902,93.157,2.500
74213.020,297.685,73.312,75.278,-258.886,93.136,2.500
74208.988,297.685,73.312,75.278,-258.853,93.136,2.500
74208.988,297.682,73.549,75.118,-258.902,93.136,2.500
74217.051,297.685,73.549,75.598,-258.918,93.125,2.500
74217.051,297.685,73.470,75.758,-258.902,93.125,2.500
74213.020,297.685,73.549,75.438,-258.902,93.136,2.500
74213.020,297.687,73.549,75.598,-258.918,93.136,2.500
74217.051,297.685,73.470,75.598,-258.902,93.147,2.500
74213.020,297.687,73.628,75.438,-258.902,93.136,2.500
74221.082,297.685,73.549,75.438,-258.886,93.125,2.500
74217.051,297.684,73.707,75.598,-258.902,93.136,2.500
74221.082,297.689,73.549,75.598,-258.918,93.136,2.500
74213.020,297.690,73.549,75.598,-258.902,93.136,2.500
74217.051,297.687,73.628,75.598,-258.918,93.136,2.500
74204.957,297.685,73.549,75.598,-258.902,93.125,2.500
74213.020,297.689,73.786,75.758,-258.918,93.147,2.500
74208.988,297.684,73.786,75.758,-258.918,93.136,2.500
74213.020,297.685,73.707,75.918,-258.902,93.136,2.500
74213.020,297.689,73.628,75.598,-258.902,93.104,2.500
74204.957,297.687,73.707,75.598,-258.902,93.147,2.500
74208.988,297.684,73.628,75.598,-258.902,93.136,2.500
74204.957,297.684,73.786,75.438,-258.902,93.114,2.500
74204.957,297.687,73.628,75.918,-258.886,93.147,2.500
74204.957,297.685,73.707,75.918,-258.886,93.125,2.500
74204.957,297.685,73.707,75.758,-258.886,93.125,2.500
74200.926,297.684,73.707,75.598,-258.886,93.147,2.500
74208.988,297.681,73.786,76.078,-258.869,93.125,2.500
74200.926,297.682,73.707,76.078,-258.886,93.136,2.500
74192.863,297.682,73.707,75.598,-258.902,93.125,2.500
74200.926,297.682,73.707,75.598,-258.886,93.136,2.500
74204.957,297.681,73.707,75.918,-258.886,93.125,2.500
74204.957,297.679,73.707,75.758,-258.918,93.125,2.500
74196.894,297.682,73.707,75.758,-258.902,93.125,2.500
74200.926,297.681,73.707,75.758,-258.886,93.125,2.500
74192.863,297.681,73.786,75.758,-258.902,93.125,2.500
74196.894,297.679,73.707,75.758,-258.886,93.125,2.500
74196.894,297.681,73.786,75.278,-258.886,93.136,2.500
74200.926,297.679,73.628,75.438,-258.886,93.114,2.500
74200.926,297.681,73.628,75.758,-258.902,93.136,2.500
74192.863,297.684,73.707,75.918,-258.886,93.136,2.500
74204.957,297.681,73.786,75.438,-258.902,93.147,2.500
74196.894,297.679,73.628,75.438,-258.886,93.125,2.500
74200.926,297.679,73.707,75.598,-258.902,93.136,2.500
74208.988,297.681,73.707,75.438,-258.886,93.114,2.500
74208.988,297.681,73.786,75.598,-258.902,93.125,2.500
74204.957,297.681,73.707,75.438,-258.853,93.114,2.500
74200.926,297.684,73.707,75.438,-258.918,93.114,2.500
74204.957,297.682,73.786,75.438,-258.918,93.125,2.500
74217.051,297.684,73.628,75.278,-258.886,93.125,2.500
74204.957,297.684,73.628,75.278,-258.918,93.147,2.500
74213.020,297.679,73.549,75.278,-258.886,93.114,2.500
74208.988,297.681,73.707,75.438,-258.918,93.114,2.500
74213.020,297.681,73.786,75.118,-258.869,93.136,2.500
74213.020,297.684,73.628,75.118,-258.902,93.125,2.500
74213.020,297.684,73.707,75.438,-258.902,93.136,2.500
74204.957,297.687,73.628,75.278,-258.902,93.125,2.500
74217.051,297.684,73.707,75.438,-258.886,93.147,2.500
74213.020,297.687,73.944,75.278,-258.886,93.125,2.500
74217.051,297.682,73.707,75.438,-258.902,93.136,2.500
74213.020,297.682,73.707,75.118,-258.886,93.136,2.500
74217.051,297.685,73.628,75.118,-258.869,93.136,2.500
74217.051,297.684,73.707,75.438,-258.886,93.125,2.500
74217.051,297.684,73.707,75.278,-258.902,93.125,2.500
74213.020,297.684,73.707,75.278,-258.902,93.136,2.500
74213.020,297.682,73.865,75.438,-258.918,93.136,2.500
74213.020,297.684,73.707,75.118,-258.935,93.114,2.500
74217.051,297.684,73.865,75.278,-258.918,93.125,2.500
74213.020,297.684,73.786,75.438,-258.886,93.136,2.500
74204.957,297.682,73.786,75.438,-258.902,93.125,2.500
74213.020,297.681,73.865,75.598,-258.869,93.147,2.500
74217.051,297.685,73.865,75.118,-258.886,93.136,2.500
74213.020,297.682,73.786,75.278,-258.886,93.125,2.500
74204.957,297.682,73.944,75.278,-258.902,93.157,2.500
74204.957,297.682,73.944,75.278,-258.918,93.104,2.500
74204.957,297.682,73.865,75.438,-258.902,93.125,2.500
74213.020,297.685,73.865,75.438,-258.886,93.136,2.500
74200.926,297.684,74.023,75.598,-258.902,93.125,2.500
74217.051,297.685,73.786,75.278,-258.902,93.114,2.500
74208.988,297.682,73.865,75.918,-258.902,93.125,2.500
74204.957,297.682,73.944,75.438,-258.869,93.125,2.500
74208.988,297.682,74.023,75.598,-258.918,93.136,2.500
74204.957,297.682,74.023,75.438,-258.902,93.125,2.500
74196.894,297.682,73.944,75.598,-258.886,93.125,2.500
74204.957,297.685,74.102,75.598,-258.886,93.136,2.500
74200.926,297.682,74.102,75.598,-258.902,93.125,2.500
74196.894,297.682,74.023,75.918,-258.902,93.147,2.500
74200.926,297.682,74.102,76.078,-258.902,93.125,2.500
74204.957,297.684,74.102,75.918,-258.918,93.136,2.500
74200.926,297.682,74.023,75.918,-258.902,93.136,2.500
74208.988,297.684,74.023,75.758,-258.902,93.136,2.500
74200.926,297.681,74.181,75.598,-258.886,93.157,2.500
74204.957,297.684,74.102,75.918,-258.869,93.114,2.500
74204.957,297.682,74.181,75.758,-258.902,93.157,2.500
74200.926,297.681,74.181,75.758,-258.902,93.136,2.500
74213.020,297.681,74.181,75.918,-258.918,93.147,2.500
74204.957,297.682,74.260,75.918,-258.902,93.136,2.500
74204.957,297.684,74.418,76.078,-258.886,93.125,2.500
74204.957,297.682,74.339,75.918,-258.902,93.136,2.500
74204.957,297.684,74.339,75.918,-258.918,93.125,2.500
74208.988,297.682,74.260,76.078,-258.886,93.114,2.500
74204.957,297.685,74.260,75.918,-258.886,93.147,2.500
74204.957,297.685,74.181,75.918,-258.902,93.136,2.500
74208.988,297.687,74.260,75.438,-258.902,93.125,2.500
74208.988,297.682,74.339,76.078,-258.918,93.136,2.500
74208.988,297.685,74.418,76.078,-258.886,93.114,2.500
74213.020,297.687,74.260,75.918,-258.902,93.136,2.500
74217.051,297.684,74.260,76.078,-258.935,93.125,2.500
74217.051,297.687,74.339,76.078,-258.902,93.114,2.500
74213.020,297.684,74.339,75.758,-258.902,93.136,2.500
74221.082,297.685,74.260,75.918,-258.935,93.136,2.500
74213.020,297.684,74.181,76.238,-258.902,93.114,2.500
74213.020,297.687,74.181,76.238,-258.918,93.125,2.500
74208.988,297.685,74.260,76.078,-258.902,93.125,2.500
74208.988,297.685,74.260,76.238,-258.902,93.136,2.500
74217.051,297.685,74.181,76.238,-258.918,93.136,2.500
74213.020,297.684,74.260,75.918,-258.918,93.125,2.500
74208.988,297.685,74.260,76.078,-258.902,93.125,2.500
74217.051,297.684,74.102,75.918,-258.902,93.125,2.500
74204.957,297.684,74.260,76.238,-258.918,93.136,2.500
74208.988,297.684,74.181,76.238,-258.918,93.136,2.500
74208.988,297.685,74.102,75.598,-258.886,93.136,2.500
74208.988,297.684,74.023,75.758,-258.918,93.136,2.500
74208.988,297.687,74.102,75.758,-258.886,93.136,2.500
74204.957,297.681,74.023,75.918,-258.918,93.114,2.500
74213.020,297.682,74.023,75.918,-258.902,93.136,2.500
74204.957,297.681,74.102,76.078,-258.886,93.125,2.500
74208.988,297.684,74.023,75.758,-258.869,93.136,2.500
74204.957,297.682,73.865,75.918,-258.886,93.114,2.500
74204.957,297.687,73.865,76.078,-258.902,93.136,2.500
74204.957,297.681,73.944,75.918,-258.918,93.114,2.500
74200.926,297.684,74.102,75.918,-258.918,93.125,2.500
74208.988,297.682,73.944,76.078,-258.902,93.125,2.500
74200.926,297.682,74.023,75.918,-258.886,93.136,2.500
74200.926,297.682,74.023,75.918,-258.886,93.114,2.500
74204.957,297.681,73.944,75.598,-258.886,93.114,2.500
74200.926,297.681,74.023,75.918,-258.902,93.136,2.500
74200.926,297.681,74.023,75.918,-258.902,93.136,2.500
74208.988,297.684,73.944,75.598,-258.902,93.147,2.500
74204.957,297.681,74.023,75.758,-258.918,93.125,2.500
74200.926,297.684,74.023,75.758,-258.886,93.136,2.500
74204.957,297.682,73.944,76.238,-258.902,93.147,2.500
74200.926,297.682,73.865,75.918,-258.902,93.147,2.500
74204.957,297.684,74.023,75.758,-258.918,93.136,2.500
74196.894,297.684,73.944,75.598,-258.886,93.136,2.500
74200.926,297.684,73.865,75.758,-258.886,93.125,2.500
74200.926,297.684,73.944,75.918,-258.869,93.136,2.500
74204.957,297.685,74.102,75.438,-258.902,93.136,2.500
74200.926,297.684,73.944,75.758,-258.918,93.114,2.500
74204.957,297.684,73.944,75.598,-258.902,93.136,2.500
74204.957,297.684,73.865,75.438,-258.902,93.125,2.500
74208.988,297.684,73.944,75.598,-258.902,93.136,2.500
74200.926,297.685,73.865,75.758,-258.886,93.136,2.500
74204.957,297.684,73.865,75.438,-258.918,93.114,2.500
74200.926,297.684,73.944,75.438,-258.902,93.136,2.500
74217.051,297.684,73.786,75.598,-258.918,93.125,2.500
74208.988,297.684,73.865,75.278,-258.902,93.114,2.500
74200.926,297.682,73.707,75.598,-258.918,93.136,2.500
74208.988,297.682,73.786,75.278,-258.886,93.125,2.500
74208.988,297.682,73.865,75.438,-258.918,93.136,2.500
74208.988,297.682,73.786,75.598,-258.902,93.125,2.500
74213.020,297.684,73.786,75.438,-258.918,93.136,2.500
74204.957,297.682,73.786,75.118,-258.902,93.136,2.500
74213.020,297.684,73.786,75.118,-258.902,93.136,2.500
74217.051,297.684,73.549,75.118,-258.902,93.114,2.500
74208.988,297.684,73.707,74.957,-258.902,93.136,2.500
74208.988,297.681,73.707,74.957,-258.902,93.136,2.500
74217.051,297.681,73.707,75.278,-258.902,93.136,2.500
74213.020,297.682,73.707,75.118,-258.886,93.125,2.500
74213.020,297.682,73.470,75.118,-258.902,93.136,2.500
74217.051,297.681,73.549,75.438,-258.902,93.104,2.500
74217.051,297.682,73.628,75.278,-258.918,93.125,2.500
74213.020,297.681,73.628,74.957,-258.902,93.136,2.500
74213.020,297.682,73.549,75.118,-258.951,93.147,2.500
74217.051,297.681,73.549,75.278,-258.902,93.125,2.500
74213.020,297.684,73.549,75.278,-258.902,93.147,2.500
74204.957,297.681,73.628,75.118,-258.886,93.125,2.500
74217.051,297.682,73.470,75.118,-258.902,93.136,2.500
74217.051,297.679,73.549,75.278,-258.902,93.136,2.500
74213.020,297.681,73.470,75.438,-258.902,93.136,2.500
74208.988,297.682,73.391,75.278,-258.902,93.136,2.500
74213.020,297.682,73.470,75.278,-258.902,93.147,2.500
74213.020,297.682,73.549,75.278,-258.918,93.136,2.500
74213.020,297.682,73.628,75.118,-258.902,93.136,2.500
74204.957,297.681,73.628,75.278,-258.886,93.136,2.500
74204.957,297.682,73.549,75.438,-258.902,93.147,2.500
74200.926,297.681,73.628,75.118,-258.886,93.136,2.500
74208.988,297.679,73.470,75.438,-258.918,93.136,2.500
74204.957,297.682,73.391,75.278,-258.918,93.125,2.500
74208.988,297.682,73.628,75.598,-258.902,93.147,2.500
74204.957,297.681,73.470,75.438,-258.886,93.147,2.500
74200.926,297.681,73.628,75.438,-258.902,93.136,2.500
74204.957,297.684,73.628,75.118,-258.886,93.136,2.500
74204.957,297.684,73.549,75.438,-258.935,93.125,2.500
74200.926,297.682,73.391,75.438,-258.918,93.136,2.500
74200.926,297.684,73.628,75.438,-258.886,93.136,2.500
74204.957,297.682,73.549,75.438,-258.918,93.136,2.500
74208.988,297.685,73.549,75.278,-258.918,93.157,2.500
74200.926,297.685,73.312,75.118,-258.918,93.136,2.500
74204.957,297.684,73.470,75.278,-258.902,93.125,2.500
74204.957,297.684,73.470,74.957,-258.886,93.104,2.500
74200.926,297.681,73.391,75.278,-258.902,93.147,2.500
74208.988,297.682,73.391,75.278,-258.918,93.114,2.500
74208.988,297.685,73.549,74.957,-258.918,93.136,2.500
74204.957,297.685,73.470,75.278,-258.886,93.125,2.500
74208.988,297.684,73.391,74.957,-258.886,93.136,2.500
74200.926,297.685,73.391,75.118,-258.886,93.136,2.500
74204.957,297.684,73.312,74.797,-258.886,93.125,2.500
74208.988,297.684,73.312,75.118,-258.886,93.125,2.500
74208.988,297.684,73.391,74.957,-258.886,93.125,2.500
74213.020,297.684,73.312,74.797,-258.902,93.136,2.500
74204.957,297.685,73.154,74.957,-258.886,93.136,2.500
74204.957,297.682,73.233,74.797,-258.902,93.136,2.500
74204.957,297.684,73.233,74.797,-258.886,93.147,2.500
74208.988,297.684,73.312,74.957,-258.886,93.136,2.500
74208.988,297.684,73.312,74.637,-258.902,93.125,2.500
74217.051,297.685,73.391,74.797,-258.902,93.125,2.500
74213.020,297.682,73.233,75.118,-258.886,93.125,2.500
74208.988,297.684,73.312,74.637,-258.918,93.136,2.500
74204.957,297.684,73.233,75.118,-258.902,93.125,2.500
74200.926,297.684,73.312,75.118,-258.918,93.136,2.500
74204.957,297.681,73.391,74.957,-258.918,93.147,2.500
74204.957,297.684,73.312,75.278,-258.902,93.125,2.500
74200.926,297.684,73.312,75.438,-258.886,93.125,2.500
74200.926,297.684,73.312,75.278,-258.918,93.125,2.500
74200.926,297.681,73.312,75.278,-258.886,93.136,2.500
74196.894,297.682,73.312,75.278,-258.902,93.136,2.500
74204.957,297.684,73.470,75.438,-258.902,93.147,2.500
74200.926,297.682,73.391,75.438,-258.935,93.125,2.500
74200.926,297.682,73.391,75.278,-258.886,93.125,2.500
74200.926,297.682,73.391,75.278,-258.869,93.136,2.500
74204.957,297.685,73.391,75.598,-258.918,93.136,2.500
74200.926,297.682,73.549,75.278,-258.869,93.136,2.500
74213.020,297.682,73.470,75.438,-258.902,93.157,2.500
74204.957,297.684,73.470,75.918,-258.902,93.125,2.500
74213.020,297.685,73.549,75.758,-258.902,93.136,2.500
74204.957,297.684,73.628,75.758,-258.869,93.147,2.500
74208.988,297.681,73.707,75.758,-258.869,93.136,2.500
74208.988,297.682,73.549,75.758,-258.869,93.125,2.500
74204.957,297.684,73.628,75.598,-258.918,93.136,2.500
74217.051,297.682,73.549,75.758,-258.902,93.125,2.500
74204.957,297.681,73.628,75.438,-258.886,93.136,2.500
74208.988,297.684,73.707,75.758,-258.869,93.136,2.500
74204.957,297.681,73.628,75.598,-258.918,93.157,2.500
74208.988,297.685,73.786,75.758,-258.902,93.136,2.500
74208.988,297.685,73.549,75.758,-258.902,93.147,2.500
74213.020,297.685,73.786,75.598,-258.918,93.136,2.500
74204.957,297.687,73.707,75.598,-258.935,93.136,2.500
74217.051,297.684,73.707,76.078,-258.886,93.136,2.500
74217.051,297.685,73.786,75.918,-258.869,93.125,2.500
74217.051,297.684,73.786,75.758,-258.902,93.136,2.500
74213.020,297.682,73.786,75.758,-258.902,93.125,2.500
74217.051,297.684,73.707,75.758,-258.902,93.125,2.500
74213.020,297.684,73.865,75.598,-258.902,93.136,2.500
74217.051,297.685,73.786,75.758,-258.886,93.147,2.500
74217.051,297.685,73.786,75.598,-258.886,93.147,2.500
74217.051,297.685,73.628,75.598,-258.918,93.125,2.500
74217.051,297.682,73.944,75.918,-258.886,93.114,2.500
74217.051,297.685,73.865,75.758,-258.918,93.125,2.500
74213.020,297.684,73.786,75.758,-258.886,93.114,2.500
74213.020,297.682,73.786,75.918,-258.886,93.136,2.500
74213.020,297.685,73.786,75.598,-258.886,93.147,2.500
74208.988,297.684,73.707,75.758,-258.886,93.147,2.500
74217.051,297.684,73.707,75.758,-258.902,93.136,2.500
74213.020,297.684,73.628,75.758,-258.902,93.136,2.500
74217.051,297.685,73.786,75.918,-258.902,93.136,2.500
74204.957,297.684,73.786,75.758,-258.918,93.114,2.500
74208.988,297.682,73.707,75.438,-258.935,93.136,2.500
74204.957,297.682,73.707,75.918,-258.886,93.125,2.500
74204.957,297.682,73.707,75.758,-258.902,93.136,2.500
74208.988,297.682,73.707,75.598,-258.902,93.136,2.500
74200.926,297.681,73.628,75.598,-258.902,93.114,2.500
74196.894,297.684,73.707,75.438,-258.918,93.147,2.500
74200.926,297.682,73.707,75.758,-258.902,93.125,2.500
74200.926,297.681,73.786,75.758,-258.918,93.125,2.500
74204.957,297.681,73.707,75.758,-258.886,93.157,2.500
74200.926,297.679,73.549,75.438,-258.886,93.125,2.500
74200.926,297.677,73.707,75.598,-258.886,93.114,2.500
74200.926,297.679,73.707,75.918,-258.935,93.136,2.500
74200.926,297.677,73.707,75.758,-258.902,93.136,2.500
74196.894,297.679,73.786,75.598,-258.886,93.114,2.500
74200.926,297.679,73.628,75.438,-258.918,93.125,2.500
74192.863,297.679,73.628,75.438,-258.918,93.125,2.500
74196.894,297.681,73.549,75.278,-258.918,93.125,2.500
74204.957,297.681,73.549,74.957,-258.886,93.125,2.500
74196.894,297.676,73.628,75.118,-258.902,93.136,2.500
74200.926,297.676,73.628,75.278,-258.869,93.125,2.500
74204.957,297.679,73.549,75.438,-258.935,93.136,2.500
74204.957,297.679,73.470,75.118,-258.886,93.136,2.500
74204.957,297.679,73.628,75.278,-258.902,93.125,2.500
74204.957,297.682,73.786,74.957,-258.902,93.136,2.500
74208.988,297.679,73.628,75.278,-258.918,93.136,2.500
74204.957,297.679,73.707,75.118,-258.902,93.136,2.500
74200.926,297.681,73.628,75.278,-258.886,93.136,2.500
74200.926,297.679,73.786,75.118,-258.886,93.136,2.500
74208.988,297.681,73.549,75.118,-258.902,93.136,2.500
74204.957,297.681,73.628,74.957,-258.918,93.136,2.500
74208.988,297.681,73.707,75.278,-258.902,93.147,2.500
74213.020,297.679,73.628,74.957,-258.902,93.125,2.500
74204.957,297.682,73.628,74.957,-258.902,93.147,2.500
74217.051,297.684,73.628,74.957,-258.918,93.125,2.500
74208.988,297.687,73.628,74.797,-258.918,93.125,2.500
74204.957,297.682,73.628,75.438,-258.886,93.125,2.500
74217.051,297.608,292.461,294.605,-258.918,93.147,4.500
74204.957,297.610,292.382,294.765,-258.918,93.136,4.500
74213.020,297.608,292.382,294.765,-258.918,93.136,4.500
74213.020,297.610,292.461,294.765,-258.902,93.136,4.500
74208.988,297.605,292.303,295.085,-258.886,93.125,4.500
74204.957,297.608,292.461,294.925,-258.918,93.147,4.500
74208.988,297.610,292.382,295.085,-258.918,93.125,4.500
74213.020,297.608,292.224,295.085,-258.886,93.147,4.500
74208.988,297.610,292.382,294.925,-258.918,93.125,4.500
74208.988,297.606,292.382,295.246,-258.902,93.114,4.500
74204.957,297.608,292.224,294.925,-258.902,93.136,4.500
74217.051,297.606,292.224,294.925,-258.902,93.125,4.500
74213.020,297.610,292.224,295.246,-258.918,93.136,4.500
74200.926,297.608,292.145,295.085,-258.902,93.114,4.500
74213.020,297.608,292.224,294.925,-258.902,93.125,4.500
74217.051,297.606,292.066,295.085,-258.918,93.125,4.500
74217.051,297.608,292.066,294.765,-258.869,93.125,4.500
74217.051,297.611,292.145,295.085,-258.902,93.125,4.500
74217.051,297.608,292.066,295.085,-258.902,93.136,4.500
74213.020,297.610,291.908,295.085,-258.918,93.136,4.500
74221.082,297.608,291.987,294.925,-258.886,93.125,4.500
74217.051,297.611,291.908,294.925,-258.902,93.104,4.500
74217.051,297.610,291.987,294.925,-258.886,93.125,4.500
74217.051,297.608,291.987,294.765,-258.902,93.114,4.500
74213.020,297.608,291.987,295.406,-258.918,93.136,4.500
74213.020,297.610,291.908,294.765,-258.886,93.136,4.500
74217.051,297.608,291.908,294.925,-258.902,93.125,4.500
74217.051,297.611,291.987,294.925,-258.918,93.125,4.500
74217.051,297.611,291.908,294.765,-258.902,93.136,4.500
74217.051,297.611,291.908,294.925,-258.918,93.136,4.500
74213.020,297.610,291.908,294.765,-258.902,93.125,4.500
74213.020,297.611,291.908,294.925,-258.886,93.136,4.500
74221.082,297.608,291.987,294.765,-258.886,93.125,4.500
74213.020,297.608,291.829,294.605,-258.902,93.136,4.500
74208.988,297.610,291.908,294.765,-258.902,93.125,4.500
74213.020,297.608,291.987,294.765,-258.918,93.125,4.500
74213.020,297.613,292.066,294.605,-258.902,93.136,4.500
74213.020,297.611,291.829,294.925,-258.935,93.114,4.500
74204.957,297.613,291.829,294.765,-258.886,93.136,4.500
74213.020,297.610,291.908,294.445,-258.902,93.136,4.500
74208.988,297.610,291.829,294.605,-258.886,93.125,4.500
74204.957,297.613,291.987,294.765,-258.886,93.125,4.500
74208.988,297.615,291.829,294.605,-258.886,93.147,4.500
74213.020,297.611,291.750,294.605,-258.902,93.136,4.500
74204.957,297.613,291.829,294.605,-258.886,93.125,4.500
74204.957,297.613,291.987,294.445,-258.902,93.125,4.500
74204.957,297.616,291.908,294.765,-258.902,93.136,4.500
74204.957,297.615,291.829,294.765,-258.886,93.136,4.500
74204.957,297.616,291.908,294.765,-258.902,93.125,4.500
74208.988,297.615,291.908,294.445,-258.902,93.114,4.500
74204.957,297.615,291.908,294.765,-258.902,93.114,4.500
74204.957,297.616,291.592,294.445,-258.902,93.114,4.500
74204.957,297.615,291.671,294.285,-258.918,93.125,4.500
74217.051,297.615,291.829,294.125,-258.902,93.136,4.500
74213.020,297.616,291.908,294.445,-258.886,93.125,4.500
74208.988,297.616,291.750,294.605,-258.918,93.125,4.500
74213.020,297.616,291.750,294.445,-258.918,93.136,4.500
74217.051,297.613,291.750,294.445,-258.886,93.136,4.500
74208.988,297.615,291.829,294.445,-258.886,93.125,4.500
74213.020,297.616,291.671,294.445,-258.902,93.157,4.500
74213.020,297.615,291.829,294.285,-258.869,93.125,4.500
74204.957,297.613,291.750,294.125,-258.869,93.147,4.500
74208.988,297.616,291.592,294.125,-258.886,93.114,4.500
74204.957,297.613,291.829,294.125,-258.886,93.114,4.500
74213.020,297.611,291.750,294.125,-258.902,93.125,4.500
74208.988,297.613,291.671,293.965,-258.902,93.114,4.500
74217.051,297.611,291.513,293.805,-258.935,93.147,4.500
74213.020,297.613,291.592,293.805,-258.886,93.125,4.500
74213.020,297.613,291.671,293.805,-258.902,93.136,4.500
74208.988,297.615,291.592,293.965,-258.902,93.147,4.500
74213.020,297.611,291.513,293.485,-258.902,93.114,4.500
74208.988,297.611,291.592,293.805,-258.869,93.136,4.500
74204.957,297.615,291.592,293.645,-258.902,93.125,4.500
74213.020,297.615,291.513,293.805,-258.918,93.114,4.500
74213.020,297.613,291.513,293.805,-258.886,93.136,4.500
74217.051,297.610,291.513,293.645,-258.902,93.125,4.500
74208.988,297.610,291.434,293.805,-258.853,93.136,4.500
74208.988,297.611,291.355,293.645,-258.902,93.125,4.500
74213.020,297.611,291.434,293.805,-258.886,93.125,4.500
74217.051,297.608,291.355,293.645,-258.902,93.136,4.500
74213.020,297.611,291.276,293.645,-258.886,93.136,4.500
74217.051,297.611,291.355,293.645,-258.886,93.136,4.500
74204.957,297.613,291.197,293.805,-258.902,93.136,4.500
74208.988,297.613,291.355,293.805,-258.935,93.125,4.500
74217.051,297.611,291.276,293.645,-258.918,93.125,4.500
74217.051,297.608,291.197,293.805,-258.902,93.136,4.500
74217.051,297.608,291.197,293.645,-258.902,93.125,4.500
74208.988,297.610,291.197,293.645,-258.902,93.125,4.500
74213.020,297.611,291.039,293.485,-258.918,93.136,4.500
74213.020,297.611,291.039,293.645,-258.902,93.125,4.500
74217.051,297.610,291.118,293.645,-258.886,93.125,4.500
74213.020,297.610,290.960,293.965,-258.902,93.147,4.500
74217.051,297.608,291.039,293.645,-258.902,93.125,4.500
74221.082,297.610,290.960,293.965,-258.886,93.136,4.500
74217.051,297.610,290.960,293.965,-258.918,93.136,4.500
74221.082,297.610,290.880,293.805,-258.886,93.125,4.500
74217.051,297.615,290.880,293.805,-258.902,93.125,4.500
74217.051,297.611,290.880,294.125,-258.886,93.147,4.500
74221.082,297.610,290.880,293.965,-258.918,93.136,4.500
74221.082,297.611,290.801,293.965,-258.918,93.125,4.500
74217.051,297.613,290.643,293.805,-258.886,93.136,4.500
74225.114,297.615,290.801,294.125,-258.886,93.114,4.500
74217.051,297.613,290.801,293.965,-258.902,93.114,4.500
74221.082,297.613,290.722,294.125,-258.886,93.147,4.500
74225.114,297.616,290.722,294.285,-258.902,93.136,4.500
74225.114,297.613,290.801,294.285,-258.935,93.147,4.500
74229.145,297.611,290.880,294.125,-258.918,93.136,4.500
74221.082,297.611,290.960,294.125,-258.918,93.136,4.500
74225.114,297.611,290.880,294.445,-258.902,93.114,4.500
74221.082,297.611,290.960,294.445,-258.886,93.136,4.500
74225.114,297.613,290.880,294.445,-258.902,93.125,4.500
74221.082,297.610,290.880,294.285,-258.886,93.125,4.500
74217.051,297.610,290.960,294.285,-258.886,93.147,4.500
74221.082,297.613,290.960,294.605,-258.918,93.125,4.500
74225.114,297.611,291.118,294.445,-258.918,93.125,4.500
74221.082,297.611,290.960,294.605,-258.902,93.125,4.500
74229.145,297.611,291.118,294.765,-258.918,93.147,4.500
74221.082,297.608,291.118,294.605,-258.918,93.125,4.500
74221.082,297.613,291.276,294.285,-258.902,93.125,4.500
74221.082,297.610,291.197,294.285,-258.902,93.114,4.500
74225.114,297.613,291.355,294.445,-258.902,93.125,4.500
74221.082,297.613,291.355,294.765,-258.902,93.147,4.500
74229.145,297.611,291.434,294.445,-258.935,93.136,4.500
74225.114,297.610,291.355,294.765,-258.918,93.136,4.500
74217.051,297.613,291.513,294.765,-258.902,93.136,4.500
74217.051,297.613,291.592,294.765,-258.902,93.136,4.500
74221.082,297.613,291.513,294.765,-258.902,93.114,4.500
74217.051,297.610,291.671,294.925,-258.902,93.125,4.500
74213.020,297.608,291.671,294.925,-258.918,93.136,4.500
74217.051,297.610,291.750,294.925,-258.869,93.147,4.500
74213.020,297.611,291.671,295.085,-258.902,93.125,4.500
74213.020,297.610,291.908,295.085,-258.902,93.136,4.500
74217.051,297.611,291.908,294.925,-258.918,93.136,4.500
74217.051,297.613,291.987,294.765,-258.886,93.136,4.500
74217.051,297.611,292.066,294.925,-258.918,93.136,4.500
74204.957,297.610,292.145,295.085,-258.902,93.125,4.500
74213.020,297.611,292.224,294.925,-258.886,93.136,4.500
74204.957,297.608,292.224,295.085,-258.886,93.136,4.500
74217.051,297.610,292.224,294.605,-258.918,93.136,4.500
74208.988,297.613,292.224,295.085,-258.902,93.136,4.500
74213.020,297.610,292.303,295.085,-258.918,93.136,4.500
74200.926,297.610,292.461,294.925,-258.902,93.136,4.500
74208.988,297.611,292.461,294.925,-258.902,93.147,4.500
74213.020,297.611,292.619,295.246,-258.902,93.104,4.500
74204.957,297.611,292.461,295.085,-258.902,93.104,4.500
74208.988,297.611,292.698,295.085,-258.902,93.125,4.500
74208.988,297.608,292.698,295.085,-258.902,93.136,4.500
74200.926,297.613,292.698,294.925,-258.886,93.125,4.500
74217.051,297.613,292.777,295.085,-258.886,93.125,4.500
74204.957,297.611,292.698,294.925,-258.902,93.136,4.500
74208.988,297.610,292.856,294.765,-258.886,93.125,4.500
74217.051,297.610,292.777,294.925,-258.902,93.136,4.500
74213.020,297.606,292.935,295.246,-258.886,93.157,4.500
74213.020,297.610,292.935,294.925,-258.886,93.125,4.500
74208.988,297.608,293.172,295.246,-258.886,93.125,4.500
74213.020,297.611,293.093,295.085,-258.918,93.125,4.500
74213.020,297.611,293.093,295.406,-258.902,93.125,4.500
74217.051,297.606,293.251,295.406,-258.902,93.136,4.500
74217.051,297.610,293.251,295.566,-258.918,93.125,4.500
74217.051,297.610,293.330,295.566,-258.935,93.125,4.500
74213.020,297.610,293.330,295.085,-258.918,93.125,4.500
74221.082,297.608,293.330,295.566,-258.918,93.136,4.500
74217.051,297.608,293.409,295.726,-258.902,93.125,4.500
74221.082,297.608,293.488,295.726,-258.902,93.125,4.500
74217.051,297.608,293.488,295.726,-258.869,93.125,4.500
74221.082,297.611,293.488,295.406,-258.918,93.125,4.500
74217.051,297.610,293.488,295.726,-258.918,93.114,4.500
74225.114,297.611,293.488,295.886,-258.902,93.114,4.500
74213.020,297.610,293.567,295.886,-258.935,93.125,4.500
74225.114,297.610,293.488,295.886,-258.902,93.125,4.500
74221.082,297.608,293.488,295.886,-258.869,93.125,4.500
74225.114,297.611,293.567,295.886,-258.918,93.147,4.500
74217.051,297.610,293.488,295.886,-258.902,93.136,4.500
74213.020,297.611,293.488,296.046,-258.918,93.114,4.500
74213.020,297.610,293.488,295.886,-258.935,93.136,4.500
74213.020,297.611,293.567,295.726,-258.902,93.114,4.500
74217.051,297.611,293.488,296.206,-258.902,93.125,4.500
74208.988,297.611,293.330,295.886,-258.902,93.136,4.500
74217.051,297.611,293.488,295.726,-258.902,93.136,4.500
74217.051,297.610,293.409,296.206,-258.902,93.136,4.500
74213.020,297.611,293.330,295.566,-258.902,93.125,4.500
74217.051,297.610,293.330,296.046,-258.886,93.136,4.500
74213.020,297.613,293.251,295.886,-258.902,93.125,4.500
74217.051,297.611,293.172,295.726,-258.886,93.125,4.500
74217.051,297.613,293.251,295.566,-258.886,93.125,4.500
74213.020,297.611,293.172,295.726,-258.902,93.136,4.500
74217.051,297.613,293.093,295.566,-258.886,93.125,4.500
74208.988,297.613,293.093,295.246,-258.935,93.136,4.500
74208.988,297.613,292.935,295.886,-258.935,93.136,4.500
74208.988,297.611,292.856,295.726,-258.935,93.136,4.500
74213.020,297.611,292.777,295.246,-258.918,93.125,4.500
74213.020,297.611,292.698,295.406,-258.886,93.147,4.500
74213.020,297.615,292.540,295.246,-258.918,93.125,4.500
74213.020,297.613,292.698,295.085,-258.918,93.136,4.500
74217.051,297.613,292.540,294.925,-258.869,93.125,4.500
74213.020,297.613,292.303,295.085,-258.886,93.114,4.500
74221.082,297.611,292.303,295.085,-258.886,93.125,4.500
74208.988,297.611,292.303,295.085,-258.902,93.114,4.500
74221.082,297.615,292.303,295.085,-258.902,93.125,4.500
74213.020,297.611,292.145,294.925,-258.918,93.125,4.500
74213.020,297.613,291.987,295.085,-258.918,93.136,4.500
74213.020,297.615,292.066,294.765,-258.935,93.125,4.500
74225.114,297.611,291.908,294.445,-258.935,93.136,4.500
74221.082,297.615,291.829,294.925,-258.886,93.136,4.500
74217.051,297.615,291.750,294.605,-258.902,93.147,4.500
74217.051,297.613,291.750,294.605,-258.902,93.136,4.500
74217.051,297.615,291.750,294.445,-258.902,93.114,4.500
74217.051,297.615,291.592,294.445,-258.918,93.136,4.500
74217.051,297.611,291.513,294.445,-258.935,93.136,4.500
74213.020,297.611,291.592,294.285,-258.918,93.136,4.500
74213.020,297.613,291.434,294.125,-258.918,93.136,4.500
74213.020,297.615,291.434,293.965,-258.902,93.136,4.500
74213.020,297.611,291.197,293.965,-258.918,93.114,4.500
74213.020,297.610,291.355,293.645,-258.886,93.136,4.500
74213.020,297.611,291.197,293.965,-258.902,93.125,4.500
74208.988,297.613,291.118,293.965,-258.902,93.125,4.500
74221.082,297.613,291.355,293.805,-258.918,93.125,4.500
74213.020,297.611,291.118,293.965,-258.902,93.125,4.500
74217.051,297.615,291.039,293.965,-258.886,93.125,4.500
74213.020,297.611,291.118,293.645,-258.918,93.125,4.500
74213.020,297.611,291.197,293.965,-258.902,93.114,4.500
74208.988,297.610,291.118,293.805,-258.902,93.125,4.500
74217.051,297.608,291.039,293.645,-258.902,93.114,4.500
74217.051,297.613,291.039,293.485,-258.918,93.125,4.500
74217.051,297.613,291.039,293.645,-258.902,93.136,4.500
74221.082,297.611,291.118,293.645,-258.902,93.114,4.500
74213.020,297.611,290.960,293.485,-258.918,93.125,4.500
74213.020,297.611,291.118,293.645,-258.853,93.136,4.500
74213.020,297.613,291.039,293.645,-258.886,93.114,4.500
74217.051,297.611,291.039,293.485,-258.902,93.125,4.500
74213.020,297.610,291.039,293.324,-258.935,93.125,4.500
74213.020,297.610,291.118,293.485,-258.902,93.136,4.500
74213.020,297.610,290.960,293.324,-258.918,93.125,4.500
74217.051,297.610,291.039,293.485,-258.935,93.125,4.500
74213.020,297.613,291.118,293.324,-258.902,93.114,4.500
74221.082,297.608,291.039,293.485,-258.902,93.136,4.500
74217.051,297.611,291.039,293.485,-258.918,93.125,4.500
74217.051,297.611,291.118,293.164,-258.918,93.147,4.500
74213.020,297.606,291.197,293.324,-258.902,93.125,4.500
74217.051,297.610,291.118,293.324,-258.886,93.147,4.500
74217.051,297.610,291.276,293.324,-258.886,93.136,4.500
74217.051,297.610,291.276,293.324,-258.918,93.147,4.500
74213.020,297.611,291.355,293.324,-258.902,93.147,4.500
74221.082,297.611,291.276,293.485,-258.918,93.125,4.500
74213.020,297.610,291.276,293.324,-258.902,93.125,4.500
74217.051,297.610,291.434,293.645,-258.886,93.125,4.500
74225.114,297.611,291.355,293.485,-258.918,93.114,4.500
74221.082,297.611,291.513,293.805,-258.918,93.125,4.500
74217.051,297.610,291.513,293.645,-258.902,93.125,4.500
74221.082,297.610,291.513,293.645,-258.918,93.114,4.500
74217.051,297.611,291.671,293.965,-258.902,93.136,4.500
74225.114,297.615,291.829,293.805,-258.886,93.125,4.500
74229.145,297.608,291.592,293.965,-258.869,93.125,4.500
74229.145,297.611,291.750,294.125,-258.935,93.147,4.500
74221.082,297.611,291.908,293.965,-258.886,93.125,4.500
74225.114,297.611,291.987,294.125,-258.886,93.136,4.500
74221.082,297.610,291.987,294.125,-258.918,93.136,4.500
74221.082,297.608,292.066,294.125,-258.886,93.136,4.500
74221.082,297.610,291.987,294.125,-258.935,93.136,4.500
74225.114,297.611,292.145,294.605,-258.918,93.136,4.500
74217.051,297.610,292.066,294.765,-258.902,93.136,4.500
74221.082,297.610,292.224,294.605,-258.902,93.136,4.500
74217.051,297.613,292.224,294.925,-258.886,93.125,4.500
74221.082,297.611,292.224,294.765,-258.902,93.136,4.500
74217.051,297.611,292.224,294.765,-258.918,93.114,4.500
74213.020,297.611,292.224,294.605,-258.918,93.114,4.500
74217.051,297.610,292.224,294.925,-258.886,93.147,4.500
74217.051,297.608,292.461,294.925,-258.886,93.125,4.500
74217.051,297.610,292.303,295.246,-258.869,93.136,4.500
74213.020,297.610,292.303,295.566,-258.886,93.104,4.500
74217.051,297.611,292.461,295.246,-258.902,93.136,4.500
74204.957,297.610,292.540,295.406,-258.902,93.125,4.500
74204.957,297.608,292.461,295.726,-258.886,93.125,4.500
74208.988,297.610,292.461,295.726,-258.886,93.125,4.500
74204.957,297.610,292.382,295.566,-258.902,93.136,4.500
74208.988,297.610,292.382,296.046,-258.869,93.114,4.500
74208.988,297.608,292.382,296.046,-258.886,93.136,4.500
74204.957,297.611,292.303,296.046,-258.902,93.125,4.500
74200.926,297.610,292.382,295.886,-258.918,93.136,4.500
74204.957,297.610,292.303,296.366,-258.886,93.136,4.500
74204.957,297.608,292.303,296.046,-258.902,93.147,4.500
74204.957,297.608,292.382,296.366,-258.918,93.114,4.500
74208.988,297.610,292.303,296.206,-258.902,93.147,4.500
74208.988,297.608,292.303,296.366,-258.918,93.136,4.500
74217.051,297.610,292.303,296.046,-258.918,93.125,4.500
74208.988,297.611,292.303,296.206,-258.918,93.125,4.500
74213.020,297.608,292.145,296.206,-258.902,93.157,4.500
74204.957,297.610,292.145,296.206,-258.902,93.136,4.500
74208.988,297.610,292.145,296.366,-258.902,93.136,4.500
74217.051,297.608,292.145,296.206,-258.902,93.136,4.500
74200.926,297.606,291.987,296.366,-258.935,93.136,4.500
74200.926,297.608,291.987,296.206,-258.918,93.136,4.500
74208.988,297.606,292.066,296.046,-258.886,93.125,4.500
74213.020,297.610,292.066,296.206,-258.918,93.125,4.500
74208.988,297.608,292.145,295.886,-258.918,93.136,4.500
74213.020,297.610,291.987,296.206,-258.902,93.125,4.500
74208.988,297.608,292.066,296.206,-258.902,93.136,4.500
74213.020,297.606,291.908,295.726,-258.886,93.136,4.500
74213.020,297.610,291.908,295.886,-258.869,93.136,4.500
74208.988,297.605,291.908,295.886,-258.886,93.136,4.500
74221.082,297.608,291.908,295.726,-258.902,93.125,4.500
74217.051,297.606,291.987,295.566,-258.902,93.125,4.500
74217.051,297.606,291.908,295.566,-258.886,93.125,4.500
74213.020,297.606,291.829,295.566,-258.902,93.125,4.500
74217.051,297.608,291.908,295.726,-258.902,93.114,4.500
74221.082,297.608,291.908,295.406,-258.902,93.136,4.500
74221.082,297.606,291.829,295.246,-258.902,93.125,4.500
74213.020,297.606,291.908,295.406,-258.886,93.114,4.500
74217.051,297.608,291.987,295.246,-258.902,93.136,4.500
74213.020,297.606,291.987,295.085,-258.886,93.136,4.500
74221.082,297.608,291.987,294.765,-258.918,93.136,4.500
74221.082,297.606,291.987,295.085,-258.902,93.114,4.500
74221.082,297.606,291.987,295.085,-258.935,93.136,4.500
74221.082,297.610,292.145,294.925,-258.918,93.125,4.500
74217.051,297.610,292.145,294.925,-258.886,93.125,4.500
74217.051,297.610,291.987,294.925,-258.886,93.136,4.500
74221.082,297.608,292.224,294.605,-258.935,93.147,4.500
74217.051,297.608,292.224,294.765,-258.902,93.114,4.500
74229.145,297.610,292.145,294.925,-258.886,93.136,4.500
74217.051,297.610,292.145,294.605,-258.886,93.125,4.500
74221.082,297.608,291.987,294.445,-258.886,93.136,4.500
74221.082,297.610,291.829,294.765,-258.902,93.125,4.500
74217.051,297.608,291.908,294.285,-258.869,93.147,4.500
74225.114,297.611,291.987,294.445,-258.918,93.125,4.500
74217.051,297.610,292.066,294.125,-258.918,93.136,4.500
74217.051,297.610,291.987,294.445,-258.886,93.125,4.500
74221.082,297.610,291.987,294.445,-258.886,93.136,4.500
74221.082,297.611,291.908,294.445,-258.853,93.125,4.500
74221.082,297.613,292.066,293.965,-258.935,93.136,4.500
74221.082,297.611,291.908,294.445,-258.902,93.136,4.500
74221.082,297.608,291.829,293.965,-258.886,93.125,4.500
74221.082,297.608,291.829,293.965,-258.918,93.136,4.500
74217.051,297.611,291.829,294.445,-258.902,93.147,4.500
74221.082,297.611,291.908,294.285,-258.902,93.136,4.500
74217.051,297.613,291.829,294.445,-258.902,93.114,4.500
74221.082,297.611,291.671,294.285,-258.869,93.136,4.500
74217.051,297.613,291.671,294.285,-258.886,93.147,4.500
74221.082,297.611,291.671,294.605,-258.902,93.136,4.500
74225.114,297.613,291.592,294.445,-258.886,93.136,4.500
74225.114,297.611,291.671,293.965,-258.918,93.136,4.500
74229.145,297.610,291.750,294.125,-258.918,93.147,4.500
74213.020,297.613,291.671,293.965,-258.902,93.125,4.500
74217.051,297.613,291.671,293.805,-258.902,93.125,4.500
74221.082,297.611,291.671,294.285,-258.902,93.125,4.500
74221.082,297.613,291.592,294.125,-258.918,93.125,4.500
74221.082,297.615,291.592,294.125,-258.902,93.147,4.500
74221.082,297.616,291.671,293.805,-258.902,93.125,4.500
74217.051,297.615,291.671,293.965,-258.918,93.125,4.500
74221.082,297.616,291.829,294.125,-258.886,93.114,4.500
74229.145,297.615,291.750,293.805,-258.902,93.125,4.500
74221.082,297.616,291.750,294.125,-258.886,93.125,4.500
74229.145,297.618,291.750,294.125,-258.902,93.147,4.500
74217.051,297.615,291.829,294.285,-258.886,93.147,4.500
74213.020,297.615,291.908,294.285,-258.902,93.114,4.500
74221.082,297.616,291.750,294.125,-258.902,93.125,4.500
74225.114,297.615,291.829,294.445,-258.918,93.125,4.500
74217.051,297.613,291.829,294.445,-258.935,93.136,4.500
74217.051,297.611,291.908,294.285,-258.902,93.136,4.500
74221.082,297.613,291.987,294.445,-258.902,93.136,4.500
74221.082,297.613,292.145,294.765,-258.869,93.136,4.500
74208.988,297.613,292.066,294.605,-258.902,93.147,4.500
74221.082,297.616,292.145,294.605,-258.918,93.125,4.500
74221.082,297.611,292.066,294.605,-258.918,93.136,4.500
74217.051,297.611,292.303,294.925,-258.902,93.136,4.500
74221.082,297.611,292.224,294.765,-258.918,93.147,4.500
74221.082,297.611,292.145,294.765,-258.902,93.125,4.500
74221.082,297.613,292.303,294.765,-258.886,93.136,4.500
74217.051,297.613,292.303,294.765,-258.886,93.136,4.500
74217.051,297.610,292.303,294.925,-258.886,93.136,4.500
74217.051,297.613,292.303,294.925,-258.902,93.114,4.500
74221.082,297.611,292.382,294.925,-258.918,93.114,4.500
74217.051,297.608,292.303,294.925,-258.902,93.147,4.500
74221.082,297.610,292.382,294.765,-258.918,93.136,4.500
74213.020,297.610,292.382,294.765,-258.869,93.136,4.500
74217.051,297.608,292.461,295.085,-258.886,93.136,4.500
74217.051,297.611,292.382,295.085,-258.951,93.136,4.500
74221.082,297.610,292.461,295.085,-258.902,93.125,4.500
74217.051,297.606,292.382,294.765,-258.902,93.125,4.500
74221.082,297.608,292.224,294.765,-258.918,93.136,4.500
74221.082,297.610,292.303,294.605,-258.918,93.136,4.500
74221.082,297.610,292.540,294.765,-258.886,93.125,4.500
74225.114,297.611,292.382,294.925,-258.918,93.114,4.500
74217.051,297.611,292.303,294.925,-258.886,93.114,4.500
74225.114,297.606,292.303,294.765,-258.918,93.136,4.500
74221.082,297.615,292.382,294.765,-258.886,93.136,4.500
74225.114,297.608,292.224,294.605,-258.902,93.136,4.500
74233.176,297.611,292.145,294.605,-258.918,93.125,4.500
74221.082,297.611,292.145,294.605,-258.918,93.147,4.500
74225.114,297.610,292.066,294.605,-258.902,93.136,4.500
74229.145,297.611,292.145,294.605,-258.918,93.125,4.500
74225.114,297.615,292.224,294.125,-258.935,93.125,4.500
74217.051,297.613,291.987,294.285,-258.902,93.136,4.500
74229.145,297.613,292.066,294.285,-258.886,93.125,4.500
74225.114,297.613,292.145,294.285,-258.902,93.136,4.500
74221.082,297.615,292.145,294.285,-258.902,93.136,4.500
74229.145,297.616,292.145,294.445,-258.918,93.147,4.500
74225.114,297.615,292.145,294.285,-258.902,93.114,4.500
74225.114,297.611,291.987,294.125,-258.869,93.125,4.500
74229.145,297.615,292.145,294.125,-258.902,93.136,4.500
74225.114,297.613,292.145,294.285,-258.918,93.136,4.500
74221.082,297.618,292.066,294.285,-258.902,93.114,4.500
74221.082,297.615,292.145,294.285,-258.902,93.114,4.500
74225.114,297.615,292.066,294.445,-258.935,93.136,4.500
74221.082,297.618,292.145,294.285,-258.886,93.136,4.500
74217.051,297.616,292.145,294.125,-258.902,93.125,4.500
74217.051,297.616,292.145,294.605,-258.935,93.136,4.500
74217.051,297.616,292.224,294.445,-258.886,93.125,4.500
74213.020,297.615,292.382,294.445,-258.902,93.136,4.500
74221.082,297.613,292.303,294.605,-258.886,93.114,4.500
74221.082,297.613,292.461,294.605,-258.918,93.125,4.500
74217.051,297.613,292.382,294.605,-258.902,93.125,4.500
74217.051,297.611,292.461,294.445,-258.886,93.114,4.500
74217.051,297.613,292.382,294.605,-258.886,93.136,4.500
74217.051,297.615,292.382,294.765,-258.902,93.125,4.500
74217.051,297.613,292.461,294.765,-258.902,93.147,4.500
74208.988,297.611,292.540,294.925,-258.902,93.147,4.500
74213.020,297.615,292.382,294.765,-258.918,93.104,4.500
74217.051,297.611,292.461,294.445,-258.918,93.125,4.500
74204.957,297.610,292.461,294.445,-258.902,93.125,4.500
74204.957,297.610,292.382,294.765,-258.902,93.136,4.500
74208.988,297.611,292.540,294.925,-258.935,93.136,4.500
74204.957,297.611,292.540,294.765,-258.902,93.136,4.500
74213.020,297.610,292.540,294.925,-258.902,93.125,4.500
74213.020,297.610,292.382,294.605,-258.902,93.125,4.500
74204.957,297.610,292.461,294.605,-258.902,93.125,4.500
74217.051,297.611,292.461,294.925,-258.869,93.114,4.500
74213.020,297.610,292.382,294.605,-258.918,93.136,4.500
74204.957,297.610,292.461,294.925,-258.918,93.147,4.500
74208.988,297.613,292.382,294.605,-258.902,93.125,4.500
74213.020,297.606,292.224,294.765,-258.902,93.157,4.500
74208.988,297.611,292.145,294.445,-258.886,93.125,4.500
74217.051,297.610,292.066,294.445,-258.886,93.125,4.500
74213.020,297.611,291.987,294.445,-258.902,93.125,4.500
74217.051,297.611,292.145,294.605,-258.886,93.125,4.500
74213.020,297.610,292.145,294.125,-258.918,93.125,4.500
74213.020,297.613,292.066,294.285,-258.902,93.136,4.500
74221.082,297.611,291.829,294.125,-258.886,93.125,4.500
74213.020,297.611,291.671,293.805,-258.918,93.125,4.500
74208.988,297.610,291.592,293.805,-258.902,93.125,4.500
74217.051,297.613,291.592,293.645,-258.918,93.114,4.500
74213.020,297.608,291.513,293.805,-258.902,93.147,4.500
74221.082,297.610,291.434,293.805,-258.886,93.125,4.500
74221.082,297.608,291.434,293.645,-258.918,93.136,4.500
74225.114,297.608,291.197,293.485,-258.902,93.157,4.500
74225.114,297.611,291.434,293.485,-258.902,93.136,4.500
74217.051,297.608,291.197,293.324,-258.918,93.157,4.500
74225.114,297.611,291.197,293.324,-258.902,93.147,4.500
74225.114,297.610,291.118,293.324,-258.886,93.136,4.500
74221.082,297.613,291.039,293.324,-258.902,93.114,4.500
74217.051,297.611,290.960,293.324,-258.886,93.125,4.500
74225.114,297.608,290.960,293.164,-258.886,93.136,4.500
74221.082,297.610,290.960,293.164,-258.902,93.147,4.500
74217.051,297.610,290.960,293.324,-258.886,93.147,4.500
74221.082,297.611,290.960,293.164,-258.902,93.104,4.500
74221.082,297.611,290.801,293.324,-258.902,93.136,4.500
74221.082,297.611,290.801,293.164,-258.902,93.125,4.500
74221.082,297.611,290.880,293.324,-258.902,93.125,4.500
74217.051,297.611,290.722,293.324,-258.918,93.136,4.500
74217.051,297.611,290.880,293.324,-258.853,93.136,4.500
74213.020,297.608,290.801,293.164,-258.886,93.125,4.500
74213.020,297.611,290.643,293.485,-258.902,93.136,4.500
74217.051,297.611,290.722,293.485,-258.902,93.125,4.500
74208.988,297.611,290.564,293.485,-258.902,93.136,4.500
74221.082,297.615,290.801,293.485,-258.902,93.125,4.500
74213.020,297.611,290.643,293.485,-258.902,93.114,4.500
74217.051,297.611,290.722,293.645,-258.886,93.125,4.500
74208.988,297.613,290.722,293.805,-258.902,93.104,4.500
74208.988,297.611,290.722,293.485,-258.886,93.136,4.500
74213.020,297.613,290.722,293.805,-258.902,93.136,4.500
74217.051,297.611,290.643,293.645,-258.935,93.136,4.500
74208.988,297.615,290.564,293.805,-258.902,93.136,4.500
74208.988,297.613,290.722,293.805,-258.902,93.125,4.500
74217.051,297.613,290.643,293.805,-258.886,93.136,4.500
74213.020,297.615,290.801,293.965,-258.902,93.136,4.500
74213.020,297.611,290.722,294.125,-258.886,93.114,4.500
74213.020,297.611,290.722,293.805,-258.886,93.136,4.500
74217.051,297.615,290.722,293.965,-258.918,93.125,4.500
74208.988,297.613,290.643,293.965,-258.902,93.125,4.500
74213.020,297.613,290.564,293.805,-258.918,93.125,4.500
74208.988,297.611,290.643,293.805,-258.886,93.136,4.500
74217.051,297.610,290.643,293.805,-258.918,93.147,4.500
74213.020,297.611,290.643,293.805,-258.902,93.136,4.500
74221.082,297.615,290.485,293.645,-258.902,93.125,4.500
74208.988,297.610,290.406,293.645,-258.902,93.136,4.500
74213.020,297.611,290.485,293.485,-258.902,93.114,4.500
74217.051,297.613,290.406,293.645,-258.902,93.125,4.500
74221.082,297.611,290.327,293.645,-258.918,93.125,4.500
74217.051,297.611,290.327,293.324,-258.918,93.136,4.500
74213.020,297.615,290.327,293.485,-258.918,93.114,4.500
74213.020,297.611,290.248,293.164,-258.902,93.114,4.500
74217.051,297.613,290.248,293.324,-258.918,93.136,4.500
74217.051,297.611,290.090,293.324,-258.902,93.114,4.500
74217.051,297.611,290.011,293.324,-258.902,93.136,4.500
74217.051,297.611,289.853,293.004,-258.902,93.125,4.500
74221.082,297.610,289.853,293.164,-258.918,93.125,4.500
74221.082,297.610,289.695,292.844,-258.902,93.136,4.500
74213.020,297.611,289.695,292.684,-258.902,93.136,4.500
74229.145,297.608,289.695,292.684,-258.886,93.125,4.500
74221.082,297.610,289.616,292.684,-258.886,93.136,4.500
74217.051,297.611,289.537,292.684,-258.918,93.125,4.500
74221.082,297.587,627.786,613.831,-258.935,93.125,6.500
74217.051,297.589,627.865,613.831,-258.902,93.136,6.500
74221.082,297.590,627.786,613.671,-258.886,93.136,6.500
74221.082,297.587,627.628,613.991,-258.886,93.125,6.500
74221.082,297.587,627.707,613.831,-258.935,93.147,6.500
74225.114,297.585,627.786,613.991,-258.918,93.125,6.500
74221.082,297.585,627.707,614.152,-258.902,93.136,6.500
74225.114,297.585,627.707,614.152,-258.902,93.125,6.500
74225.114,297.587,627.628,613.991,-258.902,93.125,6.500
74225.114,297.585,627.786,613.991,-258.886,93.147,6.500
74225.114,297.585,627.707,613.991,-258.902,93.114,6.500
74229.145,297.584,627.549,614.152,-258.902,93.147,6.500
74229.145,297.585,627.628,614.152,-258.886,93.125,6.500
74229.145,297.582,627.628,613.831,-258.886,93.136,6.500
74229.145,297.585,627.628,614.152,-258.902,93.136,6.500
74233.176,297.585,627.312,614.152,-258.886,93.136,6.500
74233.176,297.582,627.549,614.152,-258.886,93.114,6.500
74229.145,297.582,627.391,613.991,-258.902,93.136,6.500
74229.145,297.579,627.312,614.152,-258.902,93.147,6.500
74233.176,297.581,627.233,613.991,-258.902,93.125,6.500
74237.208,297.581,627.233,613.991,-258.902,93.147,6.500
74237.208,297.579,627.074,613.991,-258.902,93.125,6.500
74233.176,297.576,627.312,614.312,-258.902,93.114,6.500
74241.239,297.577,626.995,613.831,-258.886,93.136,6.500
74233.176,297.577,626.916,613.991,-258.918,93.136,6.500
74233.176,297.579,626.995,614.152,-258.886,93.125,6.500
74241.239,297.577,626.758,614.152,-258.902,93.136,6.500
74237.208,297.582,626.758,613.991,-258.902,93.147,6.500
74233.176,297.577,626.758,614.152,-258.869,93.147,6.500
74233.176,297.581,626.521,613.991,-258.918,93.136,6.500
74237.208,297.581,626.600,614.152,-258.886,93.136,6.500
74237.208,297.577,626.442,613.831,-258.918,93.136,6.500
74229.145,297.581,626.363,614.152,-258.935,93.136,6.500
74225.114,297.581,626.205,613.671,-258.918,93.125,6.500
74225.114,297.581,626.205,613.991,-258.902,93.136,6.500
74229.145,297.584,625.889,613.831,-258.902,93.125,6.500
74229.145,297.581,625.889,613.671,-258.918,93.147,6.500
74225.114,297.582,625.968,613.991,-258.886,93.136,6.500
74225.114,297.582,625.810,613.671,-258.918,93.125,6.500
74221.082,297.582,625.889,613.831,-258.918,93.114,6.500
74225.114,297.585,625.652,613.991,-258.918,93.157,6.500
74217.051,297.584,625.573,613.831,-258.902,93.136,6.500
74225.114,297.587,625.494,613.511,-258.951,93.125,6.500
74217.051,297.587,625.494,613.991,-258.902,93.136,6.500
74217.051,297.585,625.494,613.671,-258.902,93.136,6.500
74221.082,297.587,625.415,613.831,-258.902,93.136,6.500
74221.082,297.587,625.178,613.671,-258.902,93.125,6.500
74217.051,297.584,625.415,613.831,-258.902,93.136,6.500
74217.051,297.589,625.178,613.831,-258.886,93.136,6.500
74213.020,297.590,625.336,613.991,-258.886,93.136,6.500
74217.051,297.590,625.178,613.991,-258.853,93.125,6.500
74229.145,297.592,625.336,614.152,-258.902,93.125,6.500
74221.082,297.590,625.336,614.152,-258.902,93.125,6.500
74225.114,297.585,625.336,614.312,-258.918,93.125,6.500
74225.114,297.589,625.415,614.312,-258.886,93.125,6.500
74221.082,297.589,625.494,614.312,-258.902,93.136,6.500
74225.114,297.587,625.415,614.472,-258.902,93.136,6.500
74225.114,297.587,625.573,614.792,-258.935,93.136,6.500
74225.114,297.587,625.652,615.112,-258.886,93.114,6.500
74229.145,297.589,625.652,614.792,-258.902,93.125,6.500
74233.176,297.589,626.047,615.272,-258.902,93.136,6.500
74229.145,297.590,625.810,615.272,-258.853,93.136,6.500
74233.176,297.590,626.205,615.592,-258.902,93.136,6.500
74237.208,297.587,626.205,615.752,-258.869,93.114,6.500
74233.176,297.589,626.363,615.752,-258.886,93.136,6.500
74237.208,297.590,626.442,616.553,-258.886,93.136,6.500
74241.239,297.587,626.521,616.393,-258.918,93.125,6.500
74237.208,297.585,626.679,616.713,-258.902,93.136,6.500
74241.239,297.589,626.758,616.553,-258.902,93.136,6.500
74241.239,297.587,626.916,616.873,-258.902,93.136,6.500
74241.239,297.590,627.074,617.033,-258.902,93.114,6.500
74233.176,297.585,627.154,617.193,-258.902,93.125,6.500
74241.239,297.589,627.470,617.353,-258.902,93.136,6.500
74237.208,297.587,627.470,617.513,-258.902,93.114,6.500
74237.208,297.587,627.549,617.834,-258.918,93.125,6.500
74233.176,297.582,627.628,617.674,-258.902,93.136,6.500
74237.208,297.585,627.786,617.834,-258.886,93.125,6.500
74237.208,297.585,627.786,617.994,-258.886,93.125,6.500
74233.176,297.587,627.786,618.154,-258.886,93.136,6.500
74233.176,297.585,627.865,618.314,-258.902,93.125,6.500
74233.176,297.587,627.865,618.314,-258.886,93.125,6.500
74237.208,297.587,628.023,618.314,-258.902,93.136,6.500
74225.114,297.589,627.944,618.314,-258.918,93.136,6.500
74225.114,297.587,628.102,618.154,-258.886,93.147,6.500
74229.145,297.589,628.023,618.154,-258.902,93.136,6.500
74225.114,297.589,628.102,618.154,-258.902,93.136,6.500
74225.114,297.587,628.102,618.154,-258.918,93.125,6.500
74221.082,297.589,627.944,618.154,-258.902,93.114,6.500
74221.082,297.589,627.865,617.994,-258.886,93.136,6.500
74221.082,297.587,628.023,617.674,-258.902,93.114,6.500
74213.020,297.590,627.944,617.674,-258.918,93.114,6.500
74217.051,297.587,627.944,617.674,-258.902,93.136,6.500
74217.051,297.587,627.865,617.834,-258.902,93.147,6.500
74217.051,297.587,627.786,617.193,-258.869,93.125,6.500
74217.051,297.589,627.707,617.193,-258.902,93.157,6.500
74221.082,297.585,627.549,617.033,-258.886,93.125,6.500
74221.082,297.589,627.549,617.193,-258.886,93.125,6.500
74213.020,297.592,627.549,616.713,-258.902,93.125,6.500
74217.051,297.587,627.470,616.553,-258.902,93.125,6.500
74217.051,297.585,627.391,616.393,-258.886,93.114,6.500
74217.051,297.587,627.312,616.233,-258.886,93.147,6.500
74221.082,297.587,627.154,616.553,-258.886,93.136,6.500
74221.082,297.587,627.154,616.393,-258.902,93.136,6.500
74221.082,297.587,627.233,616.553,-258.902,93.136,6.500
74225.114,297.589,627.154,615.752,-258.869,93.125,6.500
74221.082,297.589,627.154,615.752,-258.918,93.125,6.500
74217.051,297.585,627.154,615.752,-258.902,93.125,6.500
74229.145,297.589,627.074,616.233,-258.886,93.136,6.500
74225.114,297.589,626.995,615.752,-258.902,93.114,6.500
74225.114,297.589,627.233,616.073,-258.869,93.114,6.500
74221.082,297.587,626.995,615.592,-258.935,93.125,6.500
74229.145,297.587,627.233,615.272,-258.918,93.125,6.500
74225.114,297.589,627.391,615.592,-258.902,93.114,6.500
74229.145,297.587,627.312,615.752,-258.902,93.125,6.500
74233.176,297.585,627.470,616.073,-258.902,93.114,6.500
74229.145,297.587,627.549,616.073,-258.902,93.125,6.500
74229.145,297.590,627.628,615.752,-258.918,93.125,6.500
74229.145,297.589,627.549,615.913,-258.869,93.136,6.500
74233.176,297.589,627.786,616.073,-258.886,93.136,6.500
74229.145,297.587,627.944,615.913,-258.902,93.136,6.500
74229.145,297.585,627.944,616.073,-258.886,93.125,6.500
74229.145,297.587,628.181,616.233,-258.918,93.147,6.500
74225.114,297.585,628.260,616.233,-258.918,93.125,6.500
74233.176,297.587,628.418,616.393,-258.902,93.114,6.500
74233.176,297.587,628.813,616.393,-258.918,93.125,6.500
74229.145,297.587,628.813,616.713,-258.935,93.125,6.500
74225.114,297.589,628.892,616.713,-258.902,93.136,6.500
74221.082,297.589,629.129,616.553,-258.935,93.104,6.500
74229.145,297.589,629.208,616.873,-258.918,93.136,6.500
74225.114,297.589,629.445,617.193,-258.886,93.125,6.500
74225.114,297.587,629.445,616.873,-258.902,93.136,6.500
74221.082,297.584,629.682,616.873,-258.853,93.114,6.500
74225.114,297.589,629.682,617.033,-258.902,93.125,6.500
74233.176,297.585,629.762,617.033,-258.902,93.125,6.500
74225.114,297.589,629.999,617.513,-258.918,93.136,6.500
74221.082,297.587,630.157,617.353,-258.918,93.136,6.500
74225.114,297.589,630.078,617.513,-258.886,93.136,6.500
74221.082,297.592,630.236,617.674,-258.886,93.125,6.500
74229.145,297.590,630.236,617.513,-258.886,93.136,6.500
74233.176,297.589,630.236,617.513,-258.886,93.125,6.500
74233.176,297.585,630.315,617.513,-258.902,93.125,6.500
74225.114,297.587,630.236,617.513,-258.918,93.114,6.500
74225.114,297.589,630.394,617.674,-258.918,93.136,6.500
74233.176,297.587,630.236,617.513,-258.886,93.136,6.500
74225.114,297.590,630.315,617.353,-258.886,93.136,6.500
74233.176,297.585,630.315,617.513,-258.902,93.125,6.500
74221.082,297.589,630.236,617.353,-258.918,93.136,6.500
74233.176,297.589,630.315,617.674,-258.902,93.114,6.500
74229.145,297.589,630.157,617.513,-258.902,93.125,6.500
74221.082,297.590,630.157,617.513,-258.918,93.125,6.500
74225.114,297.589,630.157,617.353,-258.886,93.136,6.500
74229.145,297.590,630.236,617.353,-258.902,93.125,6.500
74233.176,297.589,629.920,617.353,-258.902,93.125,6.500
74233.176,297.589,629.999,617.513,-258.886,93.125,6.500
74233.176,297.587,629.841,617.353,-258.886,93.125,6.500
74233.176,297.592,629.762,617.513,-258.902,93.147,6.500
74229.145,297.589,629.603,617.353,-258.869,93.125,6.500
74241.239,297.587,629.603,617.033,-258.886,93.136,6.500
74229.145,297.587,629.524,617.033,-258.918,93.125,6.500
74237.208,297.589,629.366,616.873,-258.902,93.136,6.500
74233.176,297.589,629.445,617.033,-258.902,93.136,6.500
74233.176,297.589,629.208,617.193,-258.902,93.125,6.500
74237.208,297.590,629.208,616.873,-258.886,93.136,6.500
74237.208,297.587,629.129,616.713,-258.902,93.125,6.500
74237.208,297.587,629.129,617.033,-258.869,93.125,6.500
74229.145,297.590,629.050,616.873,-258.918,93.147,6.500
74233.176,297.587,628.813,616.233,-258.886,93.125,6.500
74233.176,297.592,628.813,616.873,-258.886,93.125,6.500
74241.239,297.585,628.813,616.713,-258.902,93.136,6.500
74233.176,297.587,628.655,616.553,-258.918,93.136,6.500
74241.239,297.590,628.576,616.713,-258.886,93.136,6.500
74237.208,297.589,628.576,616.393,-258.886,93.125,6.500
74225.114,297.587,628.497,616.233,-258.869,93.136,6.500
74233.176,297.585,628.260,616.553,-258.935,93.125,6.500
74229.145,297.587,628.260,616.233,-258.918,93.125,6.500
74225.114,297.587,628.339,616.073,-258.902,93.147,6.500
74237.208,297.589,628.102,615.913,-258.918,93.114,6.500
74233.176,297.585,627.865,615.913,-258.886,93.125,6.500
74237.208,297.587,627.944,615.752,-258.918,93.125,6.500
74233.176,297.587,627.786,615.913,-258.918,93.114,6.500
74229.145,297.589,627.707,615.592,-258.902,93.125,6.500
74237.208,297.587,627.628,615.432,-258.918,93.136,6.500
74225.114,297.585,627.707,615.112,-258.902,93.125,6.500
74229.145,297.585,627.312,615.112,-258.902,93.114,6.500
74229.145,297.587,627.233,615.112,-258.902,93.136,6.500
74225.114,297.587,627.074,614.792,-258.886,93.136,6.500
74229.145,297.587,626.995,614.632,-258.886,93.125,6.500
74221.082,297.585,626.916,614.312,-258.902,93.114,6.500
74225.114,297.585,626.837,614.152,-258.869,93.136,6.500
74225.114,297.587,626.679,614.312,-258.902,93.114,6.500
74221.082,297.585,626.600,613.831,-258.902,93.136,6.500
74225.114,297.585,626.600,613.991,-258.886,93.125,6.500
74233.176,297.589,626.442,613.831,-258.869,93.136,6.500
74221.082,297.587,626.363,613.831,-258.886,93.136,6.500
74225.114,297.585,626.205,613.351,-258.902,93.125,6.500
74221.082,297.584,626.047,613.511,-258.902,93.114,6.500
74221.082,297.587,626.047,613.191,-258.869,93.125,6.500
74221.082,297.587,625.889,613.031,-258.902,93.104,6.500
74221.082,297.585,625.810,613.191,-258.886,93.136,6.500
74225.114,297.585,625.731,612.871,-258.918,93.147,6.500
74217.051,297.585,625.731,613.031,-258.902,93.114,6.500
74221.082,297.587,625.573,613.031,-258.902,93.114,6.500
74217.051,297.585,625.573,613.031,-258.902,93.125,6.500
74217.051,297.587,625.415,612.711,-258.902,93.136,6.500
74221.082,297.585,625.573,612.551,-258.886,93.147,6.500
74221.082,297.587,625.494,612.390,-258.935,93.125,6.500
74221.082,297.585,625.415,612.551,-258.918,93.136,6.500
74213.020,297.585,625.573,612.871,-258.902,93.114,6.500
74221.082,297.585,625.573,612.871,-258.853,93.147,6.500
74225.114,297.584,625.494,612.871,-258.918,93.125,6.500
74221.082,297.587,625.573,612.711,-258.886,93.136,6.500
74221.082,297.587,625.652,612.711,-258.918,93.125,6.500
74225.114,297.589,625.731,612.711,-258.902,93.136,6.500
74225.114,297.584,625.810,613.191,-258.886,93.136,6.500
74225.114,297.584,625.889,613.031,-258.886,93.125,6.500
74229.145,297.585,626.047,613.031,-258.853,93.136,6.500
74225.114,297.584,626.205,612.871,-258.902,93.136,6.500
74233.176,297.585,626.284,613.031,-258.886,93.114,6.500
74225.114,297.584,626.600,613.191,-258.935,93.125,6.500
74229.145,297.585,626.600,613.351,-258.918,93.125,6.500
74233.176,297.589,626.600,613.351,-258.869,93.114,6.500
74225.114,297.587,626.837,613.671,-258.918,93.147,6.500
74221.082,297.590,626.995,613.671,-258.886,93.136,6.500
74233.176,297.587,627.154,613.831,-258.886,93.125,6.500
74237.208,297.589,627.312,613.511,-258.869,93.114,6.500
74221.082,297.589,627.391,614.312,-258.918,93.125,6.500
74225.114,297.590,627.549,614.152,-258.869,93.125,6.500
74233.176,297.589,627.707,614.312,-258.886,93.125,6.500
74225.114,297.587,627.944,614.312,-258.902,93.125,6.500
74229.145,297.589,628.102,614.472,-258.902,93.125,6.500
74229.145,297.589,628.181,614.952,-258.886,93.125,6.500
74225.114,297.592,628.418,614.632,-258.869,93.147,6.500
74225.114,297.590,628.576,614.952,-258.886,93.125,6.500
74225.114,297.592,628.813,614.952,-258.902,93.136,6.500
74225.114,297.594,628.813,615.112,-258.869,93.136,6.500
74229.145,297.594,629.050,614.792,-258.886,93.125,6.500
74233.176,297.590,629.129,615.592,-258.902,93.136,6.500
74229.145,297.592,629.208,615.592,-258.902,93.136,6.500
74225.114,297.592,629.366,615.592,-258.902,93.114,6.500
74221.082,297.594,629.445,615.913,-258.902,93.147,6.500
74225.114,297.594,629.682,616.073,-258.869,93.114,6.500
74225.114,297.594,629.682,616.073,-258.902,93.114,6.500
74217.051,297.597,629.999,616.233,-258.869,93.125,6.500
74225.114,297.595,629.999,616.393,-258.902,93.125,6.500
74221.082,297.594,629.999,616.393,-258.902,93.114,6.500
74225.114,297.594,629.999,616.553,-258.886,93.136,6.500
74229.145,297.594,630.236,616.713,-258.886,93.114,6.500
74225.114,297.592,630.315,616.873,-258.886,93.114,6.500
74221.082,297.595,630.473,617.033,-258.918,93.125,6.500
74229.145,297.594,630.394,617.033,-258.902,93.157,6.500
74225.114,297.595,630.552,617.033,-258.902,93.125,6.500
74229.145,297.594,630.473,617.513,-258.902,93.136,6.500
74221.082,297.592,630.789,617.513,-258.886,93.114,6.500
74233.176,297.592,630.789,617.994,-258.902,93.125,6.500
74225.114,297.594,630.947,617.834,-258.902,93.125,6.500
74229.145,297.592,630.947,618.314,-258.902,93.136,6.500
74229.145,297.590,630.868,618.154,-258.886,93.147,6.500
74221.082,297.590,631.105,618.474,-258.886,93.136,6.500
74229.145,297.590,631.105,618.474,-258.886,93.136,6.500
74229.145,297.592,631.105,618.794,-258.886,93.136,6.500
74229.145,297.590,631.184,618.954,-258.886,93.136,6.500
74233.176,297.587,631.342,619.275,-258.902,93.125,6.500
74229.145,297.589,631.500,619.435,-258.902,93.136,6.500
74225.114,297.585,631.579,619.435,-258.902,93.136,6.500
74233.176,297.587,631.579,619.595,-258.902,93.136,6.500
74233.176,297.587,631.816,619.915,-258.902,93.136,6.500
74229.145,297.585,631.816,619.915,-258.902,93.114,6.500
74225.114,297.587,631.895,620.075,-258.886,93.136,6.500
74225.114,297.582,631.895,619.915,-258.886,93.125,6.500
74233.176,297.587,632.132,620.395,-258.886,93.136,6.500
74233.176,297.585,632.211,620.235,-258.902,93.125,6.500
74237.208,297.582,632.290,620.555,-258.886,93.125,6.500
74233.176,297.585,632.449,620.555,-258.902,93.125,6.500
74221.082,297.587,632.449,620.555,-258.902,93.136,6.500
74229.145,297.587,632.528,620.875,-258.902,93.136,6.500
74229.145,297.584,632.765,620.875,-258.869,93.114,6.500
74229.145,297.584,632.765,621.036,-258.902,93.147,6.500
74225.114,297.585,632.844,620.555,-258.886,93.136,6.500
74217.051,297.585,632.923,621.036,-258.918,93.136,6.500
74225.114,297.584,632.844,621.036,-258.902,93.125,6.500
74213.020,297.582,633.081,620.875,-258.902,93.136,6.500
74221.082,297.584,633.081,621.196,-258.918,93.147,6.500
74221.082,297.584,633.239,620.875,-258.902,93.136,6.500
74217.051,297.582,633.239,620.875,-258.918,93.093,6.500
74217.051,297.587,633.318,621.036,-258.918,93.125,6.500
74217.051,297.585,633.318,621.036,-258.902,93.136,6.500
74221.082,297.585,633.318,620.395,-258.902,93.136,6.500
74213.020,297.587,633.318,620.715,-258.902,93.114,6.500
74217.051,297.589,633.397,620.555,-258.902,93.136,6.500
74217.051,297.589,633.397,620.875,-258.886,93.136,6.500
74221.082,297.587,633.555,620.875,-258.902,93.125,6.500
74217.051,297.589,633.397,620.555,-258.902,93.125,6.500
74213.020,297.590,633.634,620.555,-258.886,93.125,6.500
74217.051,297.590,633.555,620.715,-258.935,93.147,6.500
74221.082,297.590,633.476,620.395,-258.918,93.125,6.500
74221.082,297.590,633.476,620.875,-258.902,93.125,6.500
74221.082,297.592,633.555,620.715,-258.902,93.157,6.500
74217.051,297.589,633.555,620.555,-258.886,93.125,6.500
74229.145,297.589,633.555,620.555,-258.902,93.147,6.500
74221.082,297.590,633.476,620.395,-258.869,93.136,6.500
74225.114,297.592,633.555,620.235,-258.902,93.125,6.500
74221.082,297.592,633.397,620.395,-258.886,93.136,6.500
74221.082,297.592,633.318,620.395,-258.886,93.114,6.500
74229.145,297.594,633.397,620.395,-258.918,93.136,6.500
74221.082,297.590,633.397,620.395,-258.902,93.114,6.500
74225.114,297.592,633.476,620.395,-258.918,93.125,6.500
74225.114,297.592,633.318,620.395,-258.918,93.136,6.500
74225.114,297.594,633.239,620.395,-258.918,93.136,6.500
74237.208,297.592,633.160,620.075,-258.902,93.147,6.500
74237.208,297.592,633.318,620.395,-258.886,93.114,6.500
74237.208,297.590,633.239,620.715,-258.918,93.125,6.500
74233.176,297.590,633.239,620.395,-258.918,93.125,6.500
74237.208,297.590,633.160,619.915,-258.902,93.114,6.500
74241.239,297.589,633.081,620.235,-258.918,93.125,6.500
74233.176,297.590,633.002,619.915,-258.902,93.125,6.500
74233.176,297.589,633.002,620.235,-258.886,93.125,6.500
74237.208,297.589,633.002,620.235,-258.902,93.125,6.500
74241.239,297.590,632.923,620.235,-258.902,93.114,6.500
74237.208,297.589,633.002,620.075,-258.902,93.125,6.500
74233.176,297.589,632.765,620.075,-258.902,93.114,6.500
74225.114,297.587,632.686,619.915,-258.869,93.136,6.500
74229.145,297.589,632.844,619.435,-258.902,93.125,6.500
74233.176,297.585,632.765,619.755,-258.902,93.136,6.500
74233.176,297.585,632.765,619.595,-258.918,93.125,6.500
74233.176,297.587,632.686,619.595,-258.886,93.136,6.500
74233.176,297.584,632.686,619.435,-258.918,93.125,6.500
74233.176,297.587,632.686,619.435,-258.918,93.125,6.500
74225.114,297.587,632.686,619.435,-258.902,93.125,6.500
74221.082,297.585,632.765,619.114,-258.886,93.114,6.500
74221.082,297.585,632.686,618.954,-258.902,93.136,6.500
74217.051,297.589,632.449,618.954,-258.918,93.125,6.500
74221.082,297.585,632.765,618.954,-258.902,93.136,6.500
74217.051,297.584,632.607,618.634,-258.886,93.136,6.500
74213.020,297.585,632.607,618.634,-258.902,93.125,6.500
74225.114,297.585,632.449,618.314,-258.902,93.114,6.500
74225.114,297.587,632.449,617.994,-258.902,93.125,6.500
74225.114,297.590,632.370,618.314,-258.869,93.136,6.500
74217.051,297.585,632.370,618.154,-258.886,93.125,6.500
74225.114,297.587,632.290,618.154,-258.935,93.125,6.500
74221.082,297.589,632.449,618.314,-258.918,93.147,6.500
74217.051,297.589,632.211,617.994,-258.902,93.136,6.500
74217.051,297.589,632.132,617.994,-258.869,93.136,6.500
74225.114,297.587,632.290,618.314,-258.935,93.136,6.500
74221.082,297.589,632.053,617.994,-258.902,93.136,6.500
74225.114,297.587,631.974,617.834,-258.935,93.125,6.500
74229.145,297.587,631.895,617.834,-258.886,93.125,6.500
74225.114,297.587,631.974,617.513,-258.886,93.125,6.500
74221.082,297.592,631.974,617.513,-258.902,93.125,6.500
74221.082,297.585,631.816,617.674,-258.902,93.125,6.500
74225.114,297.589,631.579,617.834,-258.886,93.125,6.500
74229.145,297.589,631.737,617.834,-258.918,93.114,6.500
74233.176,297.589,631.500,617.834,-258.886,93.125,6.500
74225.114,297.587,631.342,617.674,-258.902,93.136,6.500
74233.176,297.589,631.421,617.834,-258.902,93.136,6.500
74233.176,297.587,631.421,617.834,-258.886,93.125,6.500
74233.176,297.587,631.105,618.154,-258.869,93.125,6.500
74229.145,297.589,631.105,617.994,-258.902,93.147,6.500
74237.208,297.589,631.026,617.994,-258.918,93.125,6.500
74237.208,297.589,631.026,618.154,-258.886,93.147,6.500
74233.176,297.587,630.868,617.994,-258.902,93.125,6.500
74241.239,297.587,630.710,618.154,-258.902,93.114,6.500
74237.208,297.590,630.631,617.994,-258.918,93.125,6.500
74241.239,297.589,630.552,617.994,-258.902,93.136,6.500
74237.208,297.589,630.631,618.314,-258.902,93.125,6.500
74241.239,297.587,630.315,618.474,-258.902,93.114,6.500
74233.176,297.589,630.157,618.154,-258.902,93.125,6.500
74233.176,297.587,630.236,618.154,-258.918,93.125,6.500
74237.208,297.592,630.078,618.314,-258.902,93.125,6.500
74233.176,297.589,630.236,618.154,-258.886,93.125,6.500
74237.208,297.587,629.999,618.154,-258.869,93.125,6.500
74233.176,297.592,629.999,618.474,-258.886,93.114,6.500
74233.176,297.589,629.841,618.154,-258.902,93.114,6.500
74237.208,297.589,629.841,618.474,-258.886,93.136,6.500
74233.176,297.592,629.682,617.834,-258.869,93.136,6.500
74237.208,297.589,629.682,617.994,-258.918,93.125,6.500
74229.145,297.590,629.682,617.994,-258.902,93.125,6.500
74229.145,297.589,629.603,617.834,-258.902,93.157,6.500
74229.145,297.589,629.603,617.994,-258.886,93.114,6.500
74229.145,297.589,629.524,617.994,-258.902,93.114,6.500
74225.114,297.592,629.603,617.994,-258.918,93.125,6.500
74225.114,297.589,629.524,618.154,-258.902,93.125,6.500
74225.114,297.587,629.445,617.674,-258.918,93.136,6.500
74225.114,297.589,629.524,617.834,-258.902,93.125,6.500
74225.114,297.589,629.445,617.674,-258.902,93.147,6.500
74225.114,297.585,629.445,617.834,-258.902,93.114,6.500
74221.082,297.585,629.445,617.834,-258.918,93.136,6.500
74217.051,297.584,629.445,617.834,-258.918,93.136,6.500
74225.114,297.585,629.287,617.353,-258.886,93.125,6.500
74221.082,297.585,629.366,617.513,-258.918,93.125,6.500
74221.082,297.584,629.366,617.513,-258.902,93.114,6.500
74221.082,297.585,629.287,617.353,-258.886,93.114,6.500
74221.082,297.587,629.287,617.353,-258.918,93.147,6.500
74221.082,297.587,629.445,617.193,-258.886,93.104,6.500
74229.145,297.587,629.445,617.193,-258.902,93.136,6.500
74217.051,297.584,629.287,617.193,-258.918,93.136,6.500
74225.114,297.584,629.287,617.193,-258.886,93.136,6.500
74221.082,297.582,629.287,617.033,-258.902,93.125,6.500
74229.145,297.582,629.366,617.193,-258.902,93.136,6.500
74225.114,297.584,629.445,617.193,-258.886,93.125,6.500
74233.176,297.582,629.366,616.873,-258.902,93.136,6.500
74225.114,297.584,629.366,617.193,-258.902,93.114,6.500
74229.145,297.581,629.366,616.553,-258.918,93.125,6.500
74221.082,297.584,629.445,617.033,-258.886,93.136,6.500
74225.114,297.585,629.366,616.713,-258.886,93.125,6.500
74225.114,297.584,629.366,617.033,-258.902,93.136,6.500
74229.145,297.582,629.445,616.873,-258.902,93.125,6.500
74233.176,297.582,629.445,616.873,-258.918,93.114,6.500
74225.114,297.584,629.445,616.873,-258.869,93.114,6.500
74229.145,297.587,629.445,616.873,-258.902,93.114,6.500
74225.114,297.584,629.445,617.033,-258.918,93.136,6.500
74225.114,297.585,629.524,617.033,-258.918,93.125,6.500
74225.114,297.584,629.445,617.033,-258.886,93.136,6.500
74225.114,297.585,629.445,617.353,-258.935,93.136,6.500
74229.145,297.585,629.603,617.513,-258.902,93.125,6.500
74225.114,297.589,629.524,617.353,-258.918,93.114,6.500
74229.145,297.584,629.445,617.513,-258.886,93.125,6.500
74225.114,297.585,629.524,617.513,-258.902,93.125,6.500
74229.145,297.589,629.682,617.353,-258.902,93.136,6.500
74233.176,297.589,629.682,617.353,-258.902,93.125,6.500
74225.114,297.587,629.682,617.353,-258.902,93.136,6.500
74225.114,297.587,629.762,617.674,-258.918,93.125,6.500
74225.114,297.587,629.682,617.513,-258.902,93.136,6.500
74225.114,297.590,629.762,617.513,-258.886,93.125,6.500
74229.145,297.584,629.841,617.513,-258.886,93.125,6.500
74225.114,297.587,629.841,617.674,-258.935,93.125,6.500
74225.114,297.590,629.841,617.994,-258.886,93.125,6.500
74221.082,297.590,629.999,617.513,-258.902,93.125,6.500
74217.051,297.587,629.920,617.994,-258.869,93.104,6.500
74221.082,297.589,630.078,617.834,-258.902,93.136,6.500
74217.051,297.590,630.157,617.994,-258.869,93.136,6.500
74221.082,297.592,630.078,618.154,-258.918,93.114,6.500
74221.082,297.589,630.078,617.994,-258.902,93.114,6.500
74221.082,297.589,629.999,618.314,-258.886,93.136,6.500
74217.051,297.589,630.157,618.634,-258.902,93.125,6.500
74221.082,297.587,630.394,618.634,-258.886,93.136,6.500
74221.082,297.589,630.315,618.314,-258.886,93.125,6.500
74213.020,297.589,630.394,618.634,-258.902,93.136,6.500
74221.082,297.587,630.394,618.314,-258.886,93.125,6.500
74221.082,297.587,630.473,618.634,-258.902,93.136,6.500
74217.051,297.589,630.315,618.474,-258.886,93.125,6.500
74221.082,297.585,630.473,619.114,-258.902,93.125,6.500
74217.051,297.587,630.394,619.114,-258.918,93.125,6.500
74221.082,297.589,630.552,618.634,-258.902,93.125,6.500
74229.145,297.585,630.473,618.954,-258.902,93.147,6.500
74221.082,297.587,630.552,618.954,-258.902,93.136,6.500
74221.082,297.585,630.394,619.275,-258.918,93.125,6.500
74225.114,297.585,630.473,619.275,-258.886,93.147,6.500
74229.145,297.585,630.394,619.275,-258.902,93.136,6.500
74217.051,297.587,630.473,619.275,-258.902,93.136,6.500
74225.114,297.585,630.473,619.114,-258.886,93.136,6.500
74225.114,297.585,630.394,619.275,-258.902,93.147,6.500
74221.082,297.585,630.394,618.954,-258.886,93.136,6.500
74233.176,297.585,630.473,619.435,-258.918,93.147,6.500
74229.145,297.587,630.394,619.275,-258.918,93.136,6.500
74229.145,297.585,630.315,619.275,-258.902,93.157,6.500
74229.145,297.587,630.315,619.275,-258.902,93.136,6.500
74233.176,297.585,630.315,619.275,-258.886,93.157,6.500
74225.114,297.587,630.078,619.435,-258.902,93.136,6.500
74229.145,297.585,630.236,619.275,-258.935,93.125,6.500
74233.176,297.587,630.078,619.275,-258.918,93.136,6.500
74229.145,297.585,630.157,619.435,-258.886,93.136,6.500
74229.145,297.587,629.841,619.275,-258.886,93.114,6.500
74229.145,297.585,629.920,619.114,-258.918,93.125,6.500
74221.082,297.585,629.841,619.114,-258.902,93.125,6.500
74229.145,297.589,629.841,619.275,-258.886,93.136,6.500
74237.208,297.587,629.841,619.114,-258.935,93.136,6.500
74229.145,297.587,629.841,619.114,-258.918,93.136,6.500
74233.176,297.587,629.603,618.954,-258.869,93.104,6.500
74229.145,297.587,629.603,618.954,-258.902,93.125,6.500
74225.114,297.587,629.682,618.794,-258.902,93.147,6.500
74229.145,297.587,629.445,618.794,-258.902,93.147,6.500
74233.176,297.589,629.366,618.634,-258.918,93.136,6.500
74233.176,297.587,629.445,618.314,-258.902,93.136,6.500
74229.145,297.589,629.445,618.314,-258.886,93.125,6.500
74229.145,297.587,629.129,618.154,-258.902,93.125,6.500
74229.145,297.590,629.208,618.154,-258.902,93.136,6.500
74229.145,297.589,629.208,617.834,-258.902,93.125,6.500
74237.208,297.589,629.050,618.154,-258.918,93.136,6.500
74225.114,297.590,629.208,617.674,-258.886,93.136,6.500
74233.176,297.587,629.129,617.674,-258.886,93.125,6.500
74229.145,297.585,629.129,617.674,-258.886,93.147,6.500
74225.114,297.585,629.129,617.513,-258.886,93.125,6.500
74225.114,297.585,629.050,617.353,-258.902,93.136,6.500
74233.176,297.584,629.050,617.674,-258.902,93.125,6.500
74221.082,297.585,629.050,617.193,-258.886,93.125,6.500
74225.114,297.585,629.050,617.193,-258.886,93.136,6.500
74225.114,297.584,628.892,617.193,-258.918,93.125,6.500
74221.082,297.585,628.971,617.353,-258.869,93.136,6.500
74217.051,297.584,629.050,617.193,-258.918,93.136,6.500
74233.176,297.584,628.971,617.353,-258.902,93.136,6.500
74225.114,297.584,628.892,616.873,-258.886,93.125,6.500
74225.114,297.585,628.892,617.193,-258.886,93.125,6.500
74225.114,297.585,628.734,616.713,-258.886,93.125,6.500
74225.114,297.584,628.734,616.553,-258.918,93.136,6.500
74229.145,297.584,628.813,616.713,-258.918,93.125,6.500
74229.145,297.584,628.655,616.713,-258.869,93.114,6.500
74229.145,297.584,628.655,616.553,-258.935,93.136,6.500
74233.176,297.584,628.576,616.553,-258.902,93.136,6.500
74233.176,297.585,628.734,616.393,-258.902,93.125,6.500
74221.082,297.585,628.576,616.393,-258.902,93.147,6.500
74233.176,297.573,1094.147,942.984,-258.853,93.114,8.500
74237.208,297.571,1094.305,942.984,-258.853,93.125,8.500
74233.176,297.571,1094.463,942.984,-258.837,93.114,8.500
74241.239,297.573,1094.621,943.144,-258.820,93.125,8.500
74233.176,297.571,1094.621,943.144,-258.837,93.136,8.500
74233.176,297.576,1094.937,943.144,-258.853,93.125,8.500
74229.145,297.568,1095.016,943.144,-258.837,93.125,8.500
74237.208,297.571,1095.016,943.144,-258.853,93.125,8.500
74229.145,297.571,1095.016,943.144,-258.837,93.125,8.500
74229.145,297.569,1095.332,943.464,-258.820,93.157,8.500
74229.145,297.568,1095.411,943.304,-258.837,93.114,8.500
74225.114,297.569,1095.569,943.304,-258.804,93.136,8.500
74233.176,297.568,1095.569,943.464,-258.837,93.125,8.500
74233.176,297.571,1095.727,943.464,-258.837,93.147,8.500
74229.145,297.569,1095.806,943.304,-258.837,93.125,8.500
74233.176,297.569,1095.885,943.625,-258.853,93.125,8.500
74225.114,297.569,1095.806,943.304,-258.853,93.125,8.500
74225.114,297.569,1096.043,943.464,-258.837,93.125,8.500
74229.145,297.569,1096.043,943.785,-258.837,93.125,8.500
74233.176,297.573,1096.360,943.625,-258.837,93.125,8.500
74229.145,297.569,1096.281,943.625,-258.820,93.125,8.500
74233.176,297.571,1096.439,943.464,-258.820,93.114,8.500
74225.114,297.571,1096.439,943.945,-258.837,93.136,8.500
74217.051,297.571,1096.518,943.945,-258.886,93.125,8.500
74221.082,297.571,1096.676,943.945,-258.837,93.104,8.500
74225.114,297.571,1096.834,943.945,-258.869,93.136,8.500
74221.082,297.573,1097.071,943.945,-258.853,93.125,8.500
74229.145,297.571,1097.071,944.105,-258.853,93.136,8.500
74225.114,297.571,1097.229,944.425,-258.853,93.136,8.500
74225.114,297.571,1097.387,944.265,-258.820,93.136,8.500
74225.114,297.574,1097.466,944.425,-258.837,93.114,8.500
74229.145,297.574,1097.624,944.745,-258.837,93.125,8.500
74229.145,297.568,1097.782,944.745,-258.853,93.125,8.500
74229.145,297.573,1098.019,944.905,-258.853,93.125,8.500
74229.145,297.574,1098.177,945.225,-258.837,93.125,8.500
74225.114,297.571,1098.256,945.546,-258.853,93.136,8.500
74229.145,297.571,1098.572,945.546,-258.837,93.125,8.500
74229.145,297.573,1098.493,945.546,-258.788,93.136,8.500
74233.176,297.571,1098.889,945.866,-258.853,93.136,8.500
74229.145,297.571,1098.889,946.186,-258.869,93.125,8.500
74225.114,297.569,1099.126,946.026,-258.837,93.125,8.500
74233.176,297.569,1099.284,946.346,-258.853,93.125,8.500
74233.176,297.568,1099.600,946.826,-258.837,93.125,8.500
74229.145,297.568,1099.679,946.666,-258.853,93.136,8.500
74237.208,297.568,1099.837,946.986,-258.837,93.136,8.500
74229.145,297.568,1099.916,946.986,-258.837,93.136,8.500
74225.114,297.568,1100.232,947.307,-258.869,93.114,8.500
74229.145,297.569,1100.232,947.307,-258.853,93.136,8.500
74225.114,297.569,1100.469,947.307,-258.853,93.125,8.500
74233.176,297.568,1100.548,947.467,-258.853,93.125,8.500
74225.114,297.566,1100.706,947.787,-258.837,93.114,8.500
74229.145,297.569,1100.864,948.107,-258.837,93.125,8.500
74233.176,297.568,1101.022,948.267,-258.837,93.125,8.500
74237.208,297.566,1101.022,948.107,-258.820,93.136,8.500
74237.208,297.569,1101.102,948.107,-258.853,93.125,8.500
74241.239,297.571,1101.260,948.267,-258.837,93.125,8.500
74229.145,297.571,1101.181,948.107,-258.853,93.125,8.500
74229.145,297.568,1101.260,948.427,-258.853,93.136,8.500
74237.208,297.573,1101.102,948.587,-258.869,93.147,8.500
74237.208,297.569,1101.260,948.908,-258.853,93.125,8.500
74229.145,297.573,1101.339,948.748,-258.837,93.104,8.500
74233.176,297.569,1101.260,948.908,-258.837,93.125,8.500
74221.082,297.573,1101.260,948.908,-258.853,93.114,8.500
74233.176,297.571,1101.181,949.228,-258.853,93.125,8.500
74233.176,297.573,1101.022,949.068,-258.837,93.125,8.500
74229.145,297.574,1101.102,948.908,-258.853,93.136,8.500
74229.145,297.573,1101.181,948.908,-258.853,93.125,8.500
74229.145,297.574,1101.022,948.908,-258.853,93.125,8.500
74229.145,297.573,1100.785,948.748,-258.853,93.125,8.500
74233.176,297.574,1100.864,948.748,-258.820,93.125,8.500
74237.208,297.574,1100.864,948.748,-258.837,93.125,8.500
74237.208,297.576,1100.627,948.587,-258.853,93.125,8.500
74233.176,297.577,1100.706,948.587,-258.837,93.125,8.500
74225.114,297.577,1100.548,948.427,-258.853,93.125,8.500
74241.239,297.576,1100.469,948.267,-258.853,93.136,8.500
74229.145,297.577,1100.390,948.427,-258.837,93.125,8.500
74233.176,297.577,1100.232,948.267,-258.886,93.125,8.500
74221.082,297.576,1100.153,947.947,-258.853,93.136,8.500
74237.208,297.574,1100.074,947.947,-258.853,93.147,8.500
74229.145,297.577,1099.995,947.467,-258.853,93.125,8.500
74229.145,297.576,1099.758,947.787,-258.820,93.114,8.500
74229.145,297.576,1099.758,947.307,-258.869,93.136,8.500
74233.176,297.577,1099.758,947.147,-258.869,93.136,8.500
74233.176,297.574,1099.521,947.147,-258.820,93.125,8.500
74225.114,297.574,1099.363,946.666,-258.853,93.114,8.500
74229.145,297.576,1099.205,946.346,-258.837,93.125,8.500
74229.145,297.576,1099.284,946.506,-258.853,93.125,8.500
74229.145,297.571,1099.126,946.186,-258.837,93.147,8.500
74229.145,297.573,1098.968,946.026,-258.837,93.125,8.500
74229.145,297.571,1098.731,945.866,-258.837,93.125,8.500
74221.082,297.569,1098.810,945.706,-258.853,93.125,8.500
74233.176,297.573,1098.731,945.546,-258.853,93.136,8.500
74229.145,297.569,1098.493,945.546,-258.837,93.125,8.500
74233.176,297.568,1098.414,945.386,-258.837,93.147,8.500
74233.176,297.569,1098.256,945.065,-258.820,93.125,8.500
74233.176,297.569,1098.098,945.065,-258.853,93.136,8.500
74229.145,297.569,1097.861,944.745,-258.869,93.136,8.500
74229.145,297.571,1097.703,944.745,-258.820,93.136,8.500
74225.114,297.569,1097.624,944.745,-258.853,93.147,8.500
74233.176,297.568,1097.229,944.105,-258.869,93.125,8.500
74221.082,297.569,1097.150,944.105,-258.820,93.114,8.500
74225.114,297.573,1096.992,943.945,-258.853,93.125,8.500
74229.145,297.568,1096.755,944.105,-258.853,93.125,8.500
74229.145,297.571,1096.518,943.945,-258.820,93.125,8.500
74225.114,297.568,1096.281,944.105,-258.853,93.125,8.500
74221.082,297.571,1096.123,943.785,-258.853,93.136,8.500
74233.176,297.573,1096.043,943.785,-258.853,93.147,8.500
74225.114,297.569,1095.885,943.304,-258.853,93.114,8.500
74229.145,297.568,1095.569,943.625,-258.853,93.136,8.500
74217.051,297.569,1095.174,943.464,-258.820,93.125,8.500
74225.114,297.573,1095.253,942.984,-258.820,93.136,8.500
74229.145,297.571,1095.095,943.144,-258.837,93.125,8.500
74229.145,297.574,1094.858,943.144,-258.820,93.136,8.500
74225.114,297.573,1094.858,943.144,-258.886,93.114,8.500
74225.114,297.573,1094.700,943.144,-258.837,93.114,8.500
74229.145,297.577,1094.542,942.984,-258.820,93.125,8.500
74225.114,297.574,1094.226,942.984,-258.853,93.125,8.500
74229.145,297.573,1094.305,942.824,-258.853,93.147,8.500
74225.114,297.574,1094.147,942.824,-258.853,93.136,8.500
74225.114,297.576,1094.147,943.144,-258.820,93.125,8.500
74229.145,297.576,1094.068,942.984,-258.853,93.136,8.500
74233.176,297.573,1094.068,942.984,-258.853,93.125,8.500
74221.082,297.577,1094.068,942.664,-258.853,93.136,8.500
74229.145,297.577,1094.147,942.664,-258.837,93.157,8.500
74229.145,297.576,1094.226,942.984,-258.853,93.136,8.500
74229.145,297.573,1094.384,942.664,-258.853,93.136,8.500
74233.176,297.576,1094.305,942.664,-258.869,93.125,8.500
74225.114,297.577,1094.542,942.664,-258.837,93.114,8.500
74233.176,297.576,1094.542,942.344,-258.837,93.136,8.500
74229.145,297.573,1094.779,942.824,-258.837,93.147,8.500
74225.114,297.577,1095.095,942.824,-258.853,93.125,8.500
74229.145,297.573,1095.332,942.504,-258.853,93.147,8.500
74225.114,297.574,1095.569,942.664,-258.837,93.136,8.500
74225.114,297.573,1095.727,942.824,-258.820,93.125,8.500
74229.145,297.573,1096.123,942.824,-258.837,93.125,8.500
74237.208,297.573,1096.360,942.984,-258.837,93.125,8.500
74229.145,297.573,1096.755,942.984,-258.853,93.136,8.500
74229.145,297.576,1096.992,943.144,-258.853,93.147,8.500
74229.145,297.571,1097.229,942.824,-258.853,93.147,8.500
74229.145,297.573,1097.703,943.304,-258.837,93.125,8.500
74233.176,297.571,1097.861,943.144,-258.837,93.136,8.500
74225.114,297.571,1098.256,943.144,-258.853,93.136,8.500
74229.145,297.569,1098.414,943.144,-258.853,93.147,8.500
74229.145,297.569,1098.810,943.464,-258.837,93.136,8.500
74233.176,297.571,1099.205,943.464,-258.853,93.136,8.500
74233.176,297.569,1099.442,943.464,-258.853,93.136,8.500
74233.176,297.571,1099.758,943.785,-258.820,93.125,8.500
74237.208,297.568,1100.074,943.945,-258.853,93.157,8.500
74225.114,297.571,1100.232,944.265,-258.853,93.136,8.500
74233.176,297.571,1100.548,944.105,-258.837,93.136,8.500
74233.176,297.568,1100.627,944.265,-258.837,93.136,8.500
74225.114,297.568,1100.785,944.745,-258.837,93.125,8.500
74225.114,297.569,1101.102,944.905,-258.853,93.114,8.500
74229.145,297.569,1101.260,944.745,-258.853,93.114,8.500
74233.176,297.573,1101.418,944.745,-258.853,93.125,8.500
74225.114,297.569,1101.418,945.225,-258.853,93.125,8.500
74229.145,297.569,1101.576,945.065,-258.853,93.104,8.500
74225.114,297.573,1101.813,945.225,-258.837,93.136,8.500
74225.114,297.574,1101.655,945.386,-258.837,93.104,8.500
74233.176,297.573,1101.734,945.706,-258.820,93.125,8.500
74229.145,297.574,1101.734,945.866,-258.820,93.125,8.500
74233.176,297.573,1101.734,945.706,-258.837,93.114,8.500
74229.145,297.573,1101.576,945.706,-258.837,93.125,8.500
74225.114,297.574,1101.734,946.026,-258.837,93.136,8.500
74225.114,297.571,1101.655,946.186,-258.837,93.125,8.500
74229.145,297.571,1101.339,946.346,-258.837,93.125,8.500
74233.176,297.573,1101.418,946.346,-258.837,93.125,8.500
74229.145,297.573,1101.339,946.346,-258.837,93.125,8.500
74229.145,297.573,1101.339,946.506,-258.837,93.136,8.500
74229.145,297.571,1101.181,946.506,-258.837,93.136,8.500
74229.145,297.574,1101.022,946.346,-258.837,93.125,8.500
74229.145,297.573,1100.785,946.666,-258.820,93.136,8.500
74229.145,297.574,1100.785,946.666,-258.837,93.125,8.500
74229.145,297.573,1100.785,946.506,-258.837,93.125,8.500
74233.176,297.573,1100.548,946.826,-258.853,93.125,8.500
74233.176,297.569,1100.548,946.826,-258.820,93.125,8.500
74229.145,297.571,1100.469,946.666,-258.853,93.125,8.500
74237.208,297.571,1100.311,946.666,-258.837,93.125,8.500
74233.176,297.571,1100.390,946.986,-258.853,93.147,8.500
74221.082,297.573,1100.311,946.666,-258.853,93.125,8.500
74237.208,297.571,1100.153,946.666,-258.837,93.147,8.500
74225.114,297.573,1100.232,946.666,-258.837,93.125,8.500
74233.176,297.571,1100.074,946.826,-258.869,93.125,8.500
74229.145,297.573,1099.995,946.506,-258.837,93.125,8.500
74221.082,297.571,1100.074,946.666,-258.837,93.125,8.500
74225.114,297.574,1100.232,946.506,-258.853,93.104,8.500
74229.145,297.573,1100.153,946.346,-258.853,93.147,8.500
74229.145,297.571,1100.232,946.346,-258.853,93.125,8.500
74233.176,297.573,1100.074,946.186,-258.837,93.125,8.500
74233.176,297.571,1100.232,946.026,-258.853,93.114,8.500
74229.145,297.573,1100.390,946.186,-258.837,93.136,8.500
74233.176,297.574,1100.232,946.026,-258.853,93.136,8.500
74233.176,297.571,1100.469,945.866,-258.853,93.125,8.500
74233.176,297.573,1100.548,945.866,-258.837,93.114,8.500
74237.208,297.571,1100.390,945.706,-258.837,93.125,8.500
74233.176,297.571,1100.548,945.706,-258.837,93.136,8.500
74233.176,297.571,1100.706,945.546,-258.820,93.125,8.500
74229.145,297.571,1100.627,945.706,-258.853,93.136,8.500
74229.145,297.573,1100.864,945.225,-258.869,93.104,8.500
74233.176,297.574,1100.943,945.386,-258.820,93.125,8.500
74237.208,297.573,1101.022,945.386,-258.853,93.125,8.500
74233.176,297.571,1101.102,945.546,-258.853,93.125,8.500
74237.208,297.574,1101.260,945.386,-258.853,93.136,8.500
74237.208,297.573,1101.339,945.546,-258.837,93.125,8.500
74225.114,297.574,1101.576,945.386,-258.837,93.125,8.500
74233.176,297.571,1101.339,945.546,-258.820,93.125,8.500
74229.145,297.573,1101.497,945.225,-258.853,93.136,8.500
74229.145,297.573,1101.576,945.225,-258.853,93.114,8.500
74229.145,297.574,1101.497,945.225,-258.853,93.136,8.500
74225.114,297.573,1101.734,945.866,-258.837,93.136,8.500
74237.208,297.574,1101.734,945.866,-258.853,93.136,8.500
74229.145,297.574,1101.892,945.866,-258.820,93.125,8.500
74237.208,297.573,1101.734,945.866,-258.853,93.104,8.500
74229.145,297.574,1101.971,946.026,-258.837,93.125,8.500
74233.176,297.574,1101.971,946.186,-258.837,93.136,8.500
74221.082,297.571,1101.813,946.346,-258.853,93.125,8.500
74229.145,297.574,1101.892,946.186,-258.837,93.136,8.500
74229.145,297.573,1101.813,946.186,-258.820,93.125,8.500
74233.176,297.573,1101.813,946.666,-258.820,93.104,8.500
74229.145,297.573,1101.734,946.826,-258.837,93.125,8.500
74233.176,297.571,1101.971,946.826,-258.820,93.125,8.500
74237.208,297.573,1101.971,947.147,-258.820,93.125,8.500
74241.239,297.573,1101.813,947.147,-258.869,93.125,8.500
74229.145,297.571,1101.971,947.307,-258.853,93.136,8.500
74233.176,297.571,1101.892,947.627,-258.837,93.125,8.500
74233.176,297.569,1101.971,947.627,-258.837,93.136,8.500
74233.176,297.573,1101.971,947.787,-258.853,93.147,8.500
74233.176,297.571,1101.813,947.947,-258.820,93.136,8.500
74225.114,297.571,1101.892,948.107,-258.804,93.147,8.500
74241.239,297.574,1101.892,947.947,-258.869,93.136,8.500
74233.176,297.573,1101.813,948.267,-258.853,93.147,8.500
74233.176,297.571,1101.655,948.587,-258.853,93.125,8.500
74237.208,297.574,1101.813,948.427,-258.837,93.125,8.500
74233.176,297.573,1101.734,948.587,-258.837,93.136,8.500
74241.239,297.573,1101.813,948.908,-258.820,93.136,8.500
74233.176,297.573,1101.734,948.908,-258.853,93.157,8.500
74241.239,297.571,1101.497,948.748,-258.820,93.114,8.500
74237.208,297.571,1101.497,949.068,-258.853,93.125,8.500
74237.208,297.571,1101.339,948.908,-258.869,93.136,8.500
74233.176,297.568,1101.339,948.908,-258.837,93.125,8.500
74241.239,297.573,1101.181,949.068,-258.820,93.136,8.500
74237.208,297.574,1101.181,949.068,-258.853,93.114,8.500
74237.208,297.574,1100.943,949.068,-258.837,93.125,8.500
74241.239,297.573,1100.864,948.587,-258.837,93.136,8.500
74237.208,297.574,1100.627,948.908,-258.853,93.136,8.500
74237.208,297.573,1100.469,948.587,-258.869,93.125,8.500
74233.176,297.573,1100.390,948.427,-258.869,93.125,8.500
74237.208,297.573,1100.074,948.107,-258.853,93.136,8.500
74233.176,297.573,1099.758,948.267,-258.853,93.125,8.500
74233.176,297.571,1099.600,947.947,-258.820,93.147,8.500
74237.208,297.574,1099.363,947.787,-258.837,93.125,8.500
74237.208,297.574,1099.126,947.467,-258.837,93.136,8.500
74233.176,297.573,1098.889,947.307,-258.853,93.136,8.500
74237.208,297.574,1098.652,947.307,-258.853,93.125,8.500
74233.176,297.577,1098.414,946.986,-258.853,93.114,8.500
74237.208,297.576,1098.177,946.506,-258.837,93.125,8.500
74229.145,297.573,1097.703,946.506,-258.837,93.125,8.500
74225.114,297.573,1097.545,946.186,-258.853,93.136,8.500
74225.114,297.573,1097.071,945.706,-258.853,93.125,8.500
74229.145,297.576,1096.755,945.225,-258.853,93.136,8.500
74229.145,297.576,1096.597,945.386,-258.869,93.136,8.500
74229.145,297.574,1096.202,944.905,-258.853,93.147,8.500
74225.114,297.574,1095.806,944.905,-258.853,93.114,8.500
74221.082,297.571,1095.490,944.425,-258.837,93.136,8.500
74225.114,297.573,1095.253,944.105,-258.837,93.136,8.500
74225.114,297.574,1094.937,944.265,-258.853,93.125,8.500
74225.114,297.573,1094.542,943.785,-258.869,93.125,8.500
74221.082,297.573,1094.305,943.625,-258.837,93.114,8.500
74217.051,297.573,1094.068,943.304,-258.837,93.125,8.500
74213.020,297.576,1093.831,943.304,-258.853,93.147,8.500
74225.114,297.571,1093.435,942.824,-258.853,93.136,8.500
74217.051,297.574,1093.198,942.824,-258.820,93.114,8.500
74221.082,297.576,1093.040,942.984,-258.869,93.147,8.500
74217.051,297.574,1092.882,942.504,-258.853,93.136,8.500
74221.082,297.573,1092.645,942.344,-258.837,93.136,8.500
74221.082,297.574,1092.487,942.344,-258.820,93.125,8.500
74229.145,297.576,1092.171,941.703,-258.837,93.114,8.500
74225.114,297.573,1091.934,941.863,-258.837,93.136,8.500
74217.051,297.573,1091.855,942.024,-258.869,93.125,8.500
74225.114,297.574,1091.697,941.703,-258.820,93.114,8.500
74229.145,297.574,1091.697,942.024,-258.853,93.136,8.500
74225.114,297.573,1091.460,941.703,-258.869,93.114,8.500
74225.114,297.569,1091.223,941.383,-258.837,93.114,8.500
74229.145,297.573,1091.144,941.703,-258.853,93.125,8.500
74225.114,297.573,1090.985,941.703,-258.853,93.125,8.500
74229.145,297.573,1090.985,941.703,-258.869,93.125,8.500
74221.082,297.573,1090.827,941.383,-258.853,93.136,8.500
74233.176,297.574,1090.827,941.383,-258.820,93.125,8.500
74225.114,297.573,1090.669,941.543,-258.837,93.136,8.500
74233.176,297.574,1090.511,941.543,-258.837,93.136,8.500
74233.176,297.573,1090.511,941.383,-258.853,93.114,8.500
74221.082,297.573,1090.511,941.383,-258.837,93.125,8.500
74225.114,297.573,1090.511,941.383,-258.837,93.125,8.500
74225.114,297.576,1090.195,941.383,-258.820,93.136,8.500
74229.145,297.574,1090.274,941.543,-258.853,93.125,8.500
74229.145,297.573,1090.116,941.383,-258.837,93.125,8.500
74233.176,297.574,1089.958,941.543,-258.853,93.125,8.500
74225.114,297.576,1090.116,941.863,-258.869,93.125,8.500
74221.082,297.573,1089.800,941.703,-258.853,93.136,8.500
74225.114,297.576,1089.484,941.543,-258.869,93.125,8.500
74225.114,297.571,1089.484,941.543,-258.820,93.104,8.500
74233.176,297.573,1089.326,941.543,-258.853,93.125,8.500
74225.114,297.574,1089.168,941.703,-258.853,93.125,8.500
74225.114,297.571,1089.010,941.703,-258.853,93.136,8.500
74221.082,297.574,1089.010,941.383,-258.853,93.125,8.500
74221.082,297.571,1088.773,941.543,-258.837,93.136,8.500
74225.114,297.576,1088.536,941.543,-258.853,93.136,8.500
74229.145,297.573,1088.456,941.703,-258.853,93.136,8.500
74225.114,297.571,1088.298,941.703,-258.853,93.125,8.500
74221.082,297.571,1088.061,941.383,-258.837,93.114,8.500
74221.082,297.574,1087.903,941.223,-258.804,93.136,8.500
74225.114,297.574,1087.587,941.063,-258.869,93.136,8.500
74221.082,297.573,1087.429,941.063,-258.853,93.125,8.500
74217.051,297.569,1087.271,941.383,-258.837,93.114,8.500
74221.082,297.574,1087.113,940.903,-258.837,93.125,8.500
74225.114,297.573,1086.797,940.903,-258.804,93.147,8.500
74229.145,297.574,1086.797,940.903,-258.837,93.136,8.500
74229.145,297.573,1086.560,941.063,-258.820,93.125,8.500
74229.145,297.573,1086.323,940.743,-258.853,93.136,8.500
74229.145,297.573,1086.244,940.743,-258.837,93.114,8.500
74233.176,297.571,1086.086,940.743,-258.837,93.125,8.500
74237.208,297.574,1085.848,940.743,-258.820,93.114,8.500
74225.114,297.573,1085.690,940.423,-258.837,93.125,8.500
74225.114,297.573,1085.611,940.743,-258.853,93.125,8.500
74229.145,297.571,1085.532,940.583,-258.853,93.114,8.500
74225.114,297.569,1085.453,940.263,-258.837,93.136,8.500
74225.114,297.571,1085.374,940.102,-258.869,93.125,8.500
74225.114,297.573,1085.295,940.423,-258.837,93.125,8.500
74233.176,297.573,1085.374,940.423,-258.853,93.114,8.500
74233.176,297.573,1085.295,940.102,-258.837,93.125,8.500
74237.208,297.576,1085.216,940.263,-258.837,93.147,8.500
74229.145,297.571,1085.216,940.102,-258.853,93.136,8.500
74225.114,297.576,1085.374,940.263,-258.853,93.147,8.500
74233.176,297.573,1085.611,940.102,-258.853,93.125,8.500
74229.145,297.573,1085.532,939.782,-258.820,93.136,8.500
74229.145,297.573,1085.611,940.102,-258.820,93.136,8.500
74221.082,297.574,1085.690,939.942,-258.853,93.104,8.500
74229.145,297.576,1085.927,939.942,-258.853,93.125,8.500
74233.176,297.571,1086.007,940.263,-258.837,93.125,8.500
74229.145,297.573,1086.323,939.942,-258.837,93.125,8.500
74233.176,297.573,1086.402,940.102,-258.853,93.125,8.500
74237.208,297.574,1086.481,940.263,-258.869,93.147,8.500
74237.208,297.571,1086.639,939.942,-258.837,93.147,8.500
74237.208,297.571,1086.876,940.102,-258.853,93.125,8.500
74245.271,297.573,1086.955,939.782,-258.853,93.136,8.500
74233.176,297.573,1087.034,939.942,-258.837,93.125,8.500
74233.176,297.574,1087.271,940.102,-258.837,93.114,8.500
74233.176,297.573,1087.429,940.102,-258.869,93.125,8.500
74237.208,297.571,1087.508,940.263,-258.837,93.136,8.500
74233.176,297.573,1087.745,940.102,-258.837,93.125,8.500
74233.176,297.569,1088.061,940.423,-258.837,93.136,8.500
74233.176,297.574,1087.982,940.583,-258.886,93.147,8.500
74237.208,297.574,1088.061,940.583,-258.853,93.157,8.500
74237.208,297.571,1088.298,940.263,-258.837,93.125,8.500
74233.176,297.573,1088.456,940.583,-258.820,93.125,8.500
74233.176,297.573,1088.536,940.583,-258.837,93.157,8.500
74237.208,297.573,1088.615,940.743,-258.820,93.136,8.500
74237.208,297.571,1088.615,940.743,-258.853,93.125,8.500
74229.145,297.571,1088.615,940.903,-258.837,93.125,8.500
74237.208,297.573,1088.852,940.903,-258.853,93.114,8.500
74229.145,297.574,1088.931,941.063,-258.853,93.125,8.500
74237.208,297.571,1089.010,941.223,-258.837,93.136,8.500
74241.239,297.571,1089.089,941.543,-258.869,93.114,8.500
74233.176,297.573,1089.089,941.383,-258.837,93.114,8.500
74233.176,297.571,1089.010,941.383,-258.869,93.125,8.500
74229.145,297.573,1089.247,941.703,-258.820,93.136,8.500
74233.176,297.573,1089.247,941.703,-258.820,93.125,8.500
74225.114,297.573,1089.247,942.024,-258.853,93.125,8.500
74229.145,297.571,1089.247,942.184,-258.853,93.136,8.500
74229.145,297.569,1089.326,942.184,-258.853,93.147,8.500
74233.176,297.574,1089.168,942.504,-258.837,93.125,8.500
74229.145,297.573,1089.247,942.504,-258.837,93.125,8.500
74233.176,297.574,1089.326,942.664,-258.853,93.125,8.500
74225.114,297.573,1089.247,942.984,-258.853,93.125,8.500
74233.176,297.573,1089.405,942.824,-258.820,93.125,8.500
74233.176,297.574,1089.247,942.984,-258.869,93.136,8.500
74229.145,297.573,1089.247,943.144,-258.820,93.136,8.500
74225.114,297.573,1089.326,943.304,-258.853,93.136,8.500
74229.145,297.573,1089.326,943.785,-258.853,93.125,8.500
74229.145,297.573,1089.326,943.464,-258.853,93.136,8.500
74229.145,297.571,1089.326,943.785,-258.837,93.125,8.500
74225.114,297.573,1089.405,944.105,-258.820,93.125,8.500
74229.145,297.574,1089.484,944.105,-258.853,93.136,8.500
74221.082,297.574,1089.405,943.945,-258.869,93.136,8.500
74237.208,297.574,1089.405,944.105,-258.837,93.125,8.500
74233.176,297.571,1089.484,943.945,-258.869,93.136,8.500
74233.176,297.571,1089.405,944.265,-258.853,93.147,8.500
74225.114,297.573,1089.484,944.265,-258.853,93.136,8.500
74233.176,297.573,1089.484,944.425,-258.853,93.125,8.500
74233.176,297.574,1089.405,944.425,-258.837,93.125,8.500
74229.145,297.574,1089.326,944.585,-258.804,93.114,8.500
74233.176,297.571,1089.405,944.585,-258.869,93.125,8.500
74233.176,297.571,1089.484,944.425,-258.869,93.125,8.500
74233.176,297.571,1089.326,944.425,-258.853,93.136,8.500
74237.208,297.573,1089.405,944.425,-258.820,93.125,8.500
74233.176,297.574,1089.247,944.585,-258.837,93.136,8.500
74233.176,297.574,1089.089,944.585,-258.853,93.125,8.500
74229.145,297.573,1089.168,944.585,-258.853,93.125,8.500
74225.114,297.573,1089.168,944.585,-258.869,93.136,8.500
74241.239,297.571,1088.931,944.425,-258.837,93.147,8.500
74237.208,297.573,1088.931,944.425,-258.853,93.125,8.500
74237.208,297.574,1088.773,944.425,-258.837,93.114,8.500
74241.239,297.573,1088.615,944.425,-258.820,93.114,8.500
74233.176,297.573,1088.615,944.425,-258.837,93.114,8.500
74237.208,297.571,1088.298,944.425,-258.820,93.136,8.500
74237.208,297.571,1088.219,944.105,-258.853,93.125,8.500
74233.176,297.571,1087.903,944.585,-258.820,93.104,8.500
74237.208,297.569,1087.745,944.265,-258.853,93.125,8.500
74237.208,297.568,1087.587,944.265,-258.837,93.125,8.500
74229.145,297.573,1087.587,944.585,-258.869,93.125,8.500
74237.208,297.571,1087.350,944.585,-258.853,93.125,8.500
74241.239,297.573,1087.350,944.585,-258.886,93.136,8.500
74237.208,297.571,1086.876,944.585,-258.853,93.125,8.500
74233.176,297.574,1086.876,944.585,-258.853,93.125,8.500
74237.208,297.569,1086.639,944.585,-258.853,93.125,8.500
74237.208,297.573,1086.481,944.905,-258.837,93.125,8.500
74229.145,297.569,1086.323,944.745,-258.853,93.136,8.500
74233.176,297.571,1086.086,945.065,-258.837,93.125,8.500
74233.176,297.571,1086.086,945.225,-258.853,93.147,8.500
74233.176,297.569,1086.007,944.905,-258.837,93.125,8.500
74233.176,297.571,1085.690,945.386,-258.853,93.136,8.500
74229.145,297.571,1085.532,945.706,-258.837,93.104,8.500
74229.145,297.573,1085.374,945.706,-258.869,93.136,8.500
74233.176,297.573,1085.295,945.866,-258.853,93.136,8.500
74237.208,297.569,1085.137,945.866,-258.853,93.114,8.500
74229.145,297.571,1085.137,945.866,-258.820,93.136,8.500
74225.114,297.571,1084.900,946.026,-258.869,93.136,8.500
74225.114,297.569,1084.979,946.026,-258.853,93.136,8.500
74225.114,297.571,1084.742,946.026,-258.853,93.136,8.500
74225.114,297.569,1084.742,946.186,-258.837,93.125,8.500
74225.114,297.569,1084.663,946.186,-258.853,93.114,8.500
74229.145,297.568,1084.663,946.346,-258.837,93.114,8.500
74225.114,297.569,1084.505,946.346,-258.869,93.136,8.500
74229.145,297.569,1084.584,945.866,-258.837,93.125,8.500
74229.145,297.568,1084.505,945.866,-258.853,93.125,8.500
74233.176,297.568,1084.505,946.026,-258.853,93.125,8.500
74225.114,297.568,1084.347,946.186,-258.869,93.136,8.500
74225.114,297.568,1084.426,945.706,-258.869,93.114,8.500
74229.145,297.568,1084.347,945.706,-258.837,93.125,8.500
74237.208,297.568,1084.268,945.546,-258.837,93.136,8.500
74233.176,297.566,1084.110,945.225,-258.853,93.125,8.500
74221.082,297.571,1084.110,944.905,-258.837,93.136,8.500
74225.114,297.568,1084.189,944.745,-258.837,93.125,8.500
74229.145,297.566,1084.110,944.585,-258.853,93.125,8.500
74229.145,297.569,1084.031,944.265,-258.820,93.114,8.500
74229.145,297.569,1083.952,944.425,-258.853,93.125,8.500
74229.145,297.571,1083.794,944.105,-258.853,93.136,8.500
74233.176,297.569,1083.794,943.785,-258.853,93.136,8.500
74233.176,297.568,1083.715,943.625,-258.837,93.136,8.500
74225.114,297.566,1083.636,942.824,-258.837,93.136,8.500
74233.176,297.568,1083.557,942.824,-258.886,93.147,8.500
74229.145,297.566,1083.398,942.504,-258.837,93.136,8.500
74229.145,297.568,1083.161,942.344,-258.837,93.125,8.500
74229.145,297.571,1083.082,941.703,-258.837,93.125,8.500
74233.176,297.571,1082.924,941.703,-258.837,93.104,8.500
74241.239,297.571,1082.924,941.223,-258.804,93.125,8.500
74229.145,297.571,1082.766,941.063,-258.837,93.147,8.500
74237.208,297.571,1082.450,940.423,-258.853,93.104,8.500
74225.114,297.568,1082.292,940.263,-258.837,93.114,8.500
74233.176,297.569,1082.055,939.942,-258.837,93.136,8.500
74233.176,297.573,1081.897,939.622,-258.886,93.125,8.500
74233.176,297.569,1081.739,939.622,-258.837,93.125,8.500
74237.208,297.573,1081.660,939.622,-258.837,93.114,8.500
74237.208,297.569,1081.423,939.302,-258.837,93.125,8.500
74229.145,297.573,1081.344,938.982,-258.837,93.114,8.500
74233.176,297.573,1081.107,938.501,-258.837,93.114,8.500
74233.176,297.574,1080.869,938.662,-258.837,93.114,8.500
74233.176,297.573,1080.632,938.501,-258.853,93.125,8.500
74233.176,297.571,1080.632,938.341,-258.820,93.136,8.500
74229.145,297.573,1080.395,938.021,-258.837,93.114,8.500
74237.208,297.574,1080.316,938.021,-258.853,93.125,8.500
74237.208,297.573,1080.237,938.021,-258.837,93.104,8.500
74233.176,297.571,1080.079,938.021,-258.853,93.125,8.500
74233.176,297.573,1079.921,937.861,-258.853,93.125,8.500
74233.176,297.574,1079.921,938.021,-258.853,93.136,8.500
74237.208,297.573,1079.684,938.021,-258.820,93.136,8.500
74233.176,297.573,1079.763,938.181,-258.869,93.125,8.500
74229.145,297.574,1079.684,938.181,-258.853,93.136,8.500
74229.145,297.574,1079.684,938.021,-258.837,93.125,8.500
74229.145,297.571,1079.763,938.341,-258.853,93.136,8.500
74229.145,297.574,1079.763,938.341,-258.869,93.114,8.500
74229.145,297.571,1079.763,938.021,-258.820,93.125,8.500
74229.145,297.571,1080.000,938.341,-258.820,93.136,8.500
74229.145,297.571,1079.921,938.662,-258.853,93.125,8.500
74237.208,297.569,1080.237,938.822,-258.853,93.125,8.500
74233.176,297.571,1080.237,938.982,-258.837,93.125,8.500
74237.208,297.571,1080.316,939.142,-258.853,93.114,8.500
74233.176,297.571,1080.553,939.622,-258.853,93.136,8.500
74225.114,297.571,1080.632,939.302,-258.837,93.147,8.500
74237.208,297.569,1081.028,939.782,-258.837,93.147,8.500
74233.176,297.571,1081.265,940.102,-258.853,93.136,8.500
74233.176,297.568,1081.344,939.942,-258.820,93.125,8.500
74233.176,297.568,1081.660,940.423,-258.853,93.125,8.500
74233.176,297.566,1081.897,940.263,-258.837,93.125,8.500
74229.145,297.568,1082.213,940.743,-258.820,93.136,8.500
74237.208,297.568,1082.529,940.903,-258.804,93.136,8.500
74241.239,297.568,1082.687,940.903,-258.837,93.136,8.500
74245.271,297.573,1083.003,941.063,-258.837,93.114,8.500
74237.208,297.566,1083.319,941.383,-258.837,93.125,8.500
74233.176,297.571,1083.557,941.703,-258.820,93.114,8.500